4726
2361
2473
7836
6870
3386
4985
71
3384
6659
6238
6352
7655
4092
1126
3614
902
1139
5066
6240
7272
706
9392
3258
6229
9159
4113
2326
6789
5663
6834
6352
9686
1473
5207
2570
2146
7338
4340
4161
2449
2226
7370
7584
1352
8916
1067
5900
759
5834
7315
5578
2680
9499
172
8716
1786
1322
1649
3849
5393
3374
7226
359
9259
6730
2018
5497
3840
6789
803
9892
3024
3598
8625
4706
7975
712
5618
5602
318
4899
5233
5300
7999
3766
1994
4281
6225
717
7160
7963
4871
3930
2798
4510
8475
0
5517
6640
3633
8900
6691
3406
434
8037
301
1826
1277
8671
8489
9465
9960
4040
4930
7948
4307
9343
4359
9588
6828
8668
3172
5512
6788
9747
2796
8329
6968
3317
1571
9488
6231
6940
7066
3012
6974
9221
3213
3758
8579
8828
702
6266
9446
611
597
2423
5637
8900
1247
4831
9526
7753
3712
7217
9768
4944
6002
2087
3775
3519
5581
4780
4983
6910
4243
6862
1453
2887
7394
1766
4945
8379
2154
6653
677
2769
1243
6174
6072
7756
9434
9190
3899
2736
2946
7625
1331
796
8696
617
7241
4521
9818
2252
5346
1336
3308
7852
9267
4005
1844
3792
9757
8180
9608
3339
5673
4566
8504
3223
1921
8401
195
554
4020
706
2466
4132
7798
2490
5937
3718
7980
8178
1529
9343
6899
1026
5532
9152
7933
6604
5990
1489
1573
2640
7212
8628
804
18
382
5078
9813
157
9928
83
5254
807
1023
1093
8011
4434
5313
8123
2069
3844
6221
5363
608
7033
95
9694
3405
5505
8743
2993
270
8114
848
4899
8627
3656
493
6882
3319
4399
6392
1037
2740
9011
2949
3343
4231
1109
5499
6030
4973
2949
1294
4777
7461
5799
6407
547
7816
3645
9366
3736
7791
2767
868
5729
3164
1913
2514
9668
105
6047
8716
5293
6119
5320
9059
8048
4805
4266
951
4993
4221
1112
458
2083
834
6115
3775
6886
6807
983
5889
6225
8340
3019
267
7704
4670
473
6463
8604
2365
8032
8633
5516
8717
5195
9937
1795
6628
666
504
4591
1645
1550
1303
1495
2834
4932
2150
9734
5132
9411
7862
9216
7590
5450
477
1221
8662
479
7795
2731
6547
8269
5675
7810
3612
8320
2990
6293
2163
1596
8705
3877
2055
5615
8883
9464
9841
8854
2459
1092
3384
741
6995
3990
1818
1280
8551
2636
2045
1534
8638
5115
5571
2946
8085
7907
1210
6590
5162
6786
9327
6242
9999
1613
2599
2448
7947
1343
8159
2886
6478
6980
187
5019
7279
2166
9286
841
732
7899
7050
9206
2849
3641
3566
2760
8056
2634
9189
1008
8949
5894
650
7318
1045
3766
6094
7937
7197
9940
5352
2446
7387
5422
4664
8876
9906
3587
718
2594
2765
4398
9295
9247
4901
1329
9484
8138
5605
2713
351
2623
9730
9036
8015
6266
7308
1867
8072
7327
1425
5533
7131
119
1990
1262
3765
1579
228
798
7630
6976
7351
2106
5983
8084
1399
1431
3757
3033
5850
1003
183
515
4649
9339
6600
5823
6025
4738
5550
3655
4876
2677
8728
4495
2409
1984
939
5710
867
9846
6505
7126
8518
4663
2164
2557
8421
5233
7484
6864
5999
2323
8985
5293
7837
8432
1222
7212
5479
5896
3560
9899
8251
9245
5232
9597
263
5473
6941
4877
947
5169
308
3116
7789
4661
4539
1993
11
1702
6389
838
4754
5781
1474
1295
622
1315
6601
954
363
7828
7952
193
4897
7358
6960
9451
3582
5378
8059
3734
5001
23
3752
5072
7501
1737
1231
2251
8994
6677
9162
207
1012
4017
8733
3753
1354
9749
9864
9171
349
643
5757
5915
2110
7103
8220
2731
8672
8450
3165
6268
1080
2563
3501
3337
4713
4979
7525
2238
7497
7441
7755
6769
564
2322
6607
45
9938
3776
6768
3323
9498
8284
9997
7133
4401
9935
5040
5461
3002
5587
2210
5554
9199
2993
8199
9707
4272
4560
5709
6142
7434
6714
8909
7171
5323
6861
1860
4094
543
3907
4061
3516
7006
2520
4494
3932
660
9293
4537
6118
184
389
5285
9972
9945
2852
7937
592
6870
8327
4060
7519
160
4350
8842
6817
9961
3572
5827
8581
555
6112
4243
9447
2696
8683
2467
6513
61
4173
6013
2609
9552
9227
1704
1917
7335
7288
9049
715
9641
2681
2485
1998
8840
4843
8015
8571
2707
4955
7168
7282
7598
7570
5102
9461
6157
4677
3435
5070
2718
8030
2913
8382
5947
4124
5029
4790
3712
4916
9792
7308
6851
4764
6513
9935
8206
3056
1862
9386
8783
4182
7148
6111
9139
1507
623
455
3730
1688
5758
9366
4762
6136
895
3613
7347
9288
6737
7324
9441
5882
483
9894
9921
9875
2099
6071
5821
586
198
8978
2025
5057
9105
1134
8237
6784
6738
4066
7585
3573
3104
7173
4643
1910
3938
6764
2609
5606
1678
5366
8540
5519
2967
6792
8253
500
5481
9828
5656
1408
8908
7642
3636
6514
4484
7667
8962
4227
5300
7638
1521
4361
7265
1062
1882
3542
4535
4144
7350
6210
8289
7670
4534
4140
4109
249
5359
2722
5314
9875
4421
5018
277
7562
1371
8233
2981
7439
2025
9944
7160
7879
1989
9264
577
2876
9192
3475
5858
2511
5066
6851
3138
8978
2434
6751
2007
9456
6339
9350
8499
9712
6869
932
4009
8469
