4242017
7837712
1935764
6479916
6641999
4556856
1691636
7234025
6853419
7572463
2575947
8637140
117250
1795048
2123486
2805767
1837259
8813150
2686870
1602025
1973651
964154
4928869
57773
4463153
2683621
1979020
1305802
8716572
6499349
6855206
484181
4818557
4421434
2855432
6193161
1686346
3349978
5889463
19073
2836451
8196763
6543752
1523235
7854645
8535361
1626731
1578245
6773759
3759905
4917823
1927185
148180
3608833
1451295
5370506
2509863
2577211
2730450
6566595
3888977
1888670
2840868
3558261
2905406
1663588
7952586
1178056
3824303
3149451
1358936
7371844
3877013
2977792
650961
23031
5852256
1469275
1197207
3378527
7363707
1388286
2302450
2382709
2833422
8200355
1562939
8402289
1603711
1624257
4386475
8372226
1522309
2854965
3533932
9664600
1541496
5487664
1840184
8193208
739059
1343832
1102040
3476405
891553
4159286
2932839
4217454
1400742
9571418
9494085
2184444
6164935
1356241
2819815
3360818
3648778
5873397
1466085
5228165
2255151
3721458
7713433
2840872
1644689
1776984
3974291
1469857
1533799
8841683
3142581
4168357
1474366
5746987
1344439
1220099
1823920
1255700
1125366
1143210
2174673
1347
9153062
1191318
5345725
1888846
1900703
5698806
1627147
6530503
4500704
2319944
9373679
6603470
7141560
7553564
5220493
2262560
1653773
1225948
3998175
1334243
1377239
6214292
110828
3699443
2146158
6108248
3100895
1591636
9152921
1146711
518701
2205206
1459839
6641665
3302234
7308966
953297
1488254
269252
2187262
6273759
8799109
1865082
1460506
1246563
3365213
1852347
5883222
2927616
6287546
1887679
4771797
8462678
7444793
7363412
3872932
4321421
3409557
1249377
1483906
569086
6942961
1592841
3808668
2740061
1142812
365330
860803
892648
223502
8586928
1844517
5868107
3882546
886055
7805095
6704272
1914142
9396270
9211237
148382
2530042
3243637
1457751
1530953
2163202
4524212
2656531
2145185
4529343
1971716
9596289
3902939
4350904
2368626
2848812
5888269
675159
1194448
4322954
8137485
8263103
1130916
2593374
3769184
2459505
7430984
2844889
2756677
2407616
3877433
6424352
1571957
3729351
4948054
5261042
1688823
1573719
5968659
1487325
4607710
127502
5934864
2285333
9287645
3744264
3406366
6407193
1604022
3571236
6819699
1740566
122816
6919027
3174188
1369241
2367775
2849495
234152
2756866
187778
3837931
330185
224239
4132628
7402316
115093
3785126
2505208
167296
2619257
4418934
249249
2568728
1810470
6502640
2567491
8261121
1682360
2598053
1258502
1607115
1774496
4668640
1376787
3551932
1578841
1704686
3751763
3893413
1691562
1748553
4278605
241431
2925614
955695
9985231
3850081
128209
7180552
133456
1538181
3997826
2515077
1670707
3281745
566230
7269114
2688119
7394482
2196440
788303
9756838
1729507
2673581
1606021
1309971
2848664
7883552
3940567
3605016
1360099
222255
3858513
5593531
7931677
2269440
121367
2989114
1927209
5328742
3226460
7402813
4459709
2776283
6103259
3898646
858254
76171
773433
9410163
2456436
2763129
1290214
9536965
4148114
3420663
1454538
687121
3432869
1273354
8164690
3468556
1665618
591068
1681670
2127673
2742619
1809517
9292898
6612345
1307954
250674
2291019
1798687
2515148
6676447
2475250
6340510
4301714
9756762
2656615
5922219
2578428
162654
1427462
6628013
6332657
2360288
2942773
2378829
186950
3510859
176184
7572569
8841112
225633
3566269
7547359
4483891
1708302
4635778
183434
1110223
2565944
9472767
5721994
3386375
4514755
55256
437120
1312648
998270
147044
5802085
3704699
2358737
3600257
2133344
5468791
4983514
7141872
7649073
2885145
1520777
123205
3827403
1846047
1729055
4317839
3278623
3629842
1419395
9244151
9823008
2708575
4140536
2346023
2659095
457298
2505969
2157643
727950
1205570
1438599
8714910
1880827
171612
3296764
2739973
3474215
2692571
1887364
1802395
6582463
3852220
1752075
1416381
1731851
3124085
2497473
2385421
2979721
1419167
3324903
1958729
1916930
262536
3375929
8601856
1222945
4481453
6987792
1216683
1782792
1569412
1715870
1149832
1323771
5192377
2212662
2915027
1711437
2167263
13157
3695071
1560183
5676463
730192
8242652
144675
1630514
6216415
4371456
7667484
686040
812140
3743995
8200836
1163825
284715
1314177
2805117
3744695
1365584
2199750
3462417
324766
2608167
1557615
2123272
4914370
1229891
1398890
6752645
984537
120291
6263299
8397957
2286236
3737652
5531173
1177653
1813506
2599307
1989582
1477791
4557264
1984559
2432450
8850645
4449594
3502234
3808169
5659199
9638409
1317792
6574426
8523889
1774791
7446617
5153106
3860400
8651915
3405421
162619
5425960
1359884
6951906
1695645
7744591
2364685
1949783
1454795
8812333
5157726
691784
623806
543750
1543750
2523971
1899089
2453271
4124975
3689175
2306367
7475201
2605597
2393047
3546485
6455660
1591355
1406581
7288609
3938396
1242283
3179768
1462025
1802834
2940015
1139431
4127163
1243478
1670250
6158651
5765683
1680425
2736141
1463007
4222237
3754929
470089
3413479
9504218
8739789
1876513
4861048
4427399
7848086
2388901
9770692
7100481
5245578
1296284
1932228
2695780
3473202
1441125
440852
1101925
1120276
2347828
3886219
2443974
387234
4794665
3902738
3683997
2310254
9249604
2556984
1311185
1685571
1632829
1848849
224355
2403171
3902886
3286101
4206657
142457
2587663
3396938
1273149
5490639
2297381
4944974
9263328
416337
2635294
2574448
1801270
3118531
1313035
2457516
2625069
4372267
2173897
2906737
6161496
2548994
2273985
3755062
3955842
1573988
242212
4765997
4452781
8987207
1748605
2629262
9106845
7237729
2130332
2403362
8980901
1546532
3735023
1715755
3137429
6790373
744658
1452801
4862602
4379535
1281902
1992439
8362184
4814194
4101258
3341317
6787943
5151129
1160644
1297643
2233655
998023
1616902
319094
8384745
6970169
6215960
5805146
263141
2544430
4822822
1835644
6554818
1994826
2214034
1916045
3868234
1768629
1821123
7114733
35840
4449709
2216431
1218370
1823515
2133652
3238117
575244
2758186
580686
1335033
1337476
4879882
4414399
1902713
1214139
3212454
8319038
2342263
1810539
7759079
3699231
8952438
2917558
1666353
2378472
449448
1554860
3514641
298180
2559950
3311137
1270570
3337075
1900610
1531203
1637176
4115614
1258647
5890914
334331
6785143
871067
1802464
2609338
2162920
1942116
1956624
430418
3450633
6159819
2336391
2792472
1459823
1492720
1667550
2885418
1452162
8131397
6984509
3406879
1280180
7120430
2301117
113150
1120903
1305476
5652021
1764225
1480998
2867299
1498042
8402406
2228193
1570011
9799297
2710780
2745874
2879101
6418535
1397226
3406091
9233477
1107441
6299507
2731472
1469566
3723541
3758408
159352
4931533
9172373
1939157
4527013
5363486
6485989
315108
2854689
1681599
2442526
2229305
5710832
5965790
5886523
4959953
6391104
1416264
3150870
3986494
5625137
1696530
1594396
4605938
1171669
3714313
6976986
1310388
7146442
1934144
8892380
3748254
5663170
6644243
1757709
1837209
2100291
1927
4394025
252386
134448
4555155
1189295
1307797
2377374
2634614
230252
1527154
4632634
4741238
4997539
5485926
1779159
1970078
146108
9618629
6796238
3908193
7814988
4101026
9234442
9948971
3968808
123315
279748
6311483
9496772
2174111
1791269
2366582
2690706
2630778
1927486
780488
381828
322509
1127789
3649636
5119082
4809502
1144763
1174282
8587130
1314227
1140396
1459001
5242691
4732738
846986
1967249
2253687
1605864
4137850
7991181
43787
7942132
1714142
1923758
277012
198333
193762
475984
9637497
9178327
2579862
9512686
221445
8199378
2133213
4696472
422729
8692701
3155996
1597340
4422581
1599597
1811756
7570824
1838600
4756706
1970879
7466066
2651239
2136227
1253677
1987605
6493887
557560
3839778
2439697
5757641
7375498
1379837
8623453
1473899
4328188
8635236
9765812
4828228
4967463
9549446
1506342
7179305
1642911
3822612
1980152
4877349
3312698
1731701
8209035
4322167
1441367
3800823
2153656
2600093
2580290
1678866
5704080
2274125
2836928
1554362
1352059
1774059
4629854
5865103
1748670
1925807
127029
2230623
1659483
3836729
2835674
9858239
5127190
3271498
4631496
294782
1678348
5234418
83323
6586475
1530307
6458162
1665495
3694609
1567286
5701792
3730170
4766703
779620
6243242
186341
1852875
5539628
8401053
5459675
3344954
1322850
183777
2743716
1207008
1976730
1557862
1858651
2306019
1343919
2838035
697630
5351644
148263
9555262
118926
159196
1588785
1889434
6478491
2897637
7529581
156139
2237486
1255049
1323680
1718719
3195521
2631074
2834981
1169227
5506129
4981571
3180091
7545459
2158252
1848750
5214491
5245768
6636986
6932435
3308079
9855518
2102408
5978672
9924404
270852
4384266
246086
2284641
7961677
43887
271511
1518541
1905297
735468
8176844
1683993
3133318
5818052
9336275
3405935
1810193
1826596
189960
8572220
255942
536782
1930594
1503489
138144
1327713
2272565
492111
1862068
920308
4841201
2992505
4702935
4289342
1396514
9844619
3674343
4202433
4801281
816627
862405
3418496
2583192
1954070
7635271
9123489
4372319
4568487
1591738
2407216
766242
6779781
7214484
7506315
7679860
1415997
3401064
2826541
3551522
4236346
6263514
8739377
2194517
1612719
2695149
4859047
3229915
5415667
9670767
177979
7891178
5232885
4857927
2336999
5767737
112907
8277565
2313880
2625739
835483
3190809
1708607
4172522
2588588
2170356
8408992
6460625
1351968
7150033
3772468
9898109
1422274
689104
178188
3561895
5391021
7279943
311664
2746002
1815828
1394790
5804574
578495
1180890
9243242
1318353
259932
2792717
8119401
772296
1175468
5893943
180625
9716837
6437998
1834110
3767393
6162620
1268782
2846230
8819473
9730948
1965586
2836007
2982292
1712811
4558780
8590215
148675
1530079
835138
1867403
8417919
4986588
9570048
2191982
5291559
2958776
290717
1836546
1316330
4550749
1357420
1376207
6682619
3661147
5646279
4398430
1648296
3143645
4312880
1179872
1871369
3672983
7300338
3471321
2945638
5544955
2752804
1794126
7752517
1809724
1677612
7642173
1442855
1135969
8892334
1168451
4144985
6176685
1130603
9765554
1506882
2443770
4913174
4329145
2950710
44117
8265184
2864498
8643721
9632446
7394032
6188659
6163439
396796
6959627
1381050
1125117
1748791
1996781
8444062
9487421
2164630
1689798
9832446
5661156
1996580
1195256
2564904
686914
1567097
5181012
2129463
1950725
2447221
3558456
1240865
8133712
3979752
6527530
243192
4934494
1668573
1875311
3373860
3129846
2193483
1877819
3897408
1966001
2179647
819634
8321765
1158481
8226833
2731856
5434078
3968613
5139888
2487577
2213473
151156
2562642
2508835
2832336
1789003
9636622
214736
5251613
3441033
2516425
4101414
2643724
3832882
8400709
2320891
3407317
4323176
2728841
3382721
1442397
6813766
7485857
1308557
3962149
1250523
6106423
7487042
115538
3453789
3252600
3540849
1945846
218119
5589072
3190238
9673736
2793921
1686325
3356199
1968733
4315550
2804030
8897112
1960941
1291521
2156880
8180571
4370359
4169982
1162384
5724101
5329231
31574
1263919
1615879
5427203
1483386
1396641
2320528
1126599
1473033
1580158
1495070
1278486
1539949
2199581
1469620
8972790
8850200
9280986
9635707
1604957
8183848
190775
1509893
5558756
2434203
1960964
3973391
1769432
5418386
3679370
1716531
5240152
4896797
2622540
4284902
1178806
1727861
3781554
2155582
3101515
1744483
1327871
7452049
3389898
3983678
1438043
7241455
6100259
6340983
4546625
8897875
2557553
6390528
445622
4242647
1788431
5234130
311451
2492373
6517361
1900775
2110052
165431
1624242
5515659
1873792
179749
1934927
1796562
1269493
5458885
3807110
1940284
7690075
2681536
1142629
3898772
9432405
1497562
8214755
1642626
3858255
6769867
6379309
1970873
4760388
467876
3953094
3187778
1945770
1903662
3279532
3418436
3984485
4596430
9870111
3829383
1865581
1153456
4616453
2236958
4616721
1406073
9951169
4818058
384662
780235
2278918
7241472
9522684
2483282
367320
2154183
1529976
1848036
1631756
1178187
8856710
2426475
115021
4789834
5884128
1215050
5881357
2730108
1124534
3512618
591494
2618988
1772965
2901150
9128520
1158729
870793
1459254
3698771
129498
3166296
8502387
8395513
3978674
2993942
1773817
1349728
398296
1910282
1265149
4289329
8741706
1954670
8563424
7642636
3224206
2133056
1306415
263253
1249879
717462
1930527
2122628
9330629
7796797
9835555
2277725
4805140
522948
9646452
384731
3390101
4408734
1620786
3762378
2119709
121958
2761765
7567081
1932013
1243845
2719312
2740009
9266178
2224296
1455409
410287
1169788
1395645
5284677
8449930
1918764
5346657
3721160
4569985
1329616
7118530
3865021
3351625
2303544
3639786
1855424
3867612
378288
4947748
2115340
5273469
9968457
1947149
2143607
213546
782435
3303531
1774323
3781407
5824528
9466543
3676657
1771206
1501509
191978
1547656
4895315
2978755
1169294
6214888
4385966
1757169
2799282
3263702
9103200
7604860
1839792
3850805
7562305
277221
2412931
5502944
3992025
3844868
1502482
1520358
813109
6687728
1133034
2192692
1168001
1340331
5423517
6880566
2746923
8727248
5833594
2197901
126466
4213300
4565885
2163751
2555987
5506669
1711778
1562393
2192447
391956
2169163
2851045
2378325
6491255
7325141
3913850
1565212
3627386
1421992
160009
9635422
4325844
5952466
7180527
5798110
1514832
3218330
1846058
3392060
4642814
156826
1410082
7689053
4257100
1648799
7456555
17561
2219752
145895
2897974
1767035
1893621
1304744
668301
2129722
2994473
2640243
4863250
6521989
9868700
1725731
2215757
1949622
6351973
5460161
9841203
9642964
3217891
3516931
3731381
1893492
3687918
1709170
2460567
2449484
5215606
676136
3218224
1704219
2116526
1189214
4988649
4503469
4842639
1616899
5493010
9144954
5550627
1373512
1195921
2668049
3142673
3182417
4557407
1477254
739370
1119215
7464651
6129979
1142292
5607906
1490220
8728676
1547135
178382
3732835
6118083
3720043
9535450
1996749
1231826
1480289
72148
3525623
3518027
1764691
5354443
1433330
1636969
7633327
6807926
5377191
1132758
6514283
2393311
2387922
1927023
4489433
1690396
1403722
1319384
3939440
2689597
1335457
3808510
2677416
2592271
1758250
1286575
3199830
4143173
8855802
1188887
1602908
4993713
3327946
2882416
3846906
1936435
7379697
8320335
330393
9657837
3346168
4896113
3605172
1517243
7144973
1541374
2825157
3261087
7779196
2890779
1597106
457301
5965539
1112865
626855
2164761
3183645
2430557
1462440
1373638
2717726
5809100
5415903
1996460
1464592
1859413
7962180
1741265
1658391
1685460
2231895
2651301
5995313
7541983
1295138
4495648
1959421
3269048
9929104
9969809
1988854
2181855
2938202
460437
1386598
8609600
1731519
1604660
6829485
6159575
4137733
1942344
1834756
2228721
1875002
2317572
5503679
1714857
1499500
5970520
8581416
9820363
654856
2256974
2604772
2625492
5397094
3979179
8208805
4689576
2503239
8655138
3231354
3226383
3941731
8916017
1905907
2790887
4770237
5772889
1493292
4256799
8300696
8364943
1253007
4852286
2288679
9932805
1488377
6429739
1193500
585767
1722161
5876144
3123145
2568951
4219844
6746580
1517443
97736
1205289
1234880
39280
1711329
1397112
4217956
3504956
8800348
2596949
4346211
884120
4635373
143640
1131177
2548704
1647751
2829884
1362608
9897041
8190750
120856
1841605
5599128
1421719
1491437
6224022
277670
5681189
1454976
1473090
4201720
239089
3209123
1723676
1727241
1859384
1103786
1235912
4105989
3573910
3146737
3411661
7722216
440979
270108
1390046
1481795
5177099
2671132
7685651
2955121
2937622
5513971
4886707
1938781
7810092
6534156
6278937
2439052
226090
1236845
1372663
3109900
1232319
176584
2744487
2589964
5643648
232109
9410276
2786187
248251
5297387
1184560
5477252
1889552
216556
2180334
8177690
3277927
1377953
7552800
1652189
1413077
5211425
8878852
9823205
1453113
5603495
271117
7979836
1704477
4910125
9260711
5412783
3164224
6398047
2367410
1450673
727002
2241601
994897
1651764
1814962
5197548
899152
2143120
190878
1328632
1621274
812005
5929442
199732
9111814
1844125
5260860
8437354
7548516
4481629
5378021
6238997
1860945
1842876
5777751
7644281
1733905
5318756
9654547
3907206
822474
1560538
3241895
1688383
211662
2680848
5877492
1554474
1304738
7841273
4535227
746323
2525746
6272712
3191235
6798931
3624
9695597
572265
1413840
2530435
7133774
131167
6746158
3373499
1876668
4573928
9931709
2744812
5211007
4914868
8645288
1610982
1158460
1161500
3955497
6844495
6114601
2188085
189079
7266548
6421515
8501515
6808845
5526738
3161408
2121216
2940419
578990
5357090
5445897
6999799
3361412
6559457
4538719
1413699
3777689
589132
2715574
1149117
3704526
4505295
7766255
2672662
2689179
9235935
1123467
5439378
6417724
7717122
5688479
6150133
2650798
4172354
6448052
2872864
4142676
2611712
1567635
7474489
231155
1805841
1472361
3758666
5114489
1659607
1906684
1942781
6719715
1551810
9712635
141760
2591973
4612386
1138533
350396
1262411
8200508
4424654
439061
160327
2172569
1829373
5271872
1564280
6206824
725767
1134581
2977692
1784261
7185806
1585975
3416341
1509891
1989273
3533818
2746499
1748271
8407482
1366432
8824265
170205
4999081
7840423
4343620
4412056
1798863
3846512
4991842
2658268
1348711
1860935
2278457
4971511
1833995
1454977
1231793
6655108
2495435
1783006
9250728
7834163
6577178
1917040
9396924
1414355
2579479
3950477
2784498
1920519
3491536
6728355
1609091
1532407
5220169
1674458
2775259
5631231
1456897
4896030
3485931
2500986
4447975
3360770
2837159
2496969
7929898
3188826
2414284
173990
1157111
3664335
2321052
1328072
6197795
8591022
4442758
4365732
1202923
8145984
4332214
6776594
1243495
2385542
1883800
2973071
1333090
9830640
128526
355422
9224365
323118
1122029
1649449
1711847
1363691
6217153
9547843
1751801
1773548
1444897
4150826
4630150
4774336
1646078
2375456
2639021
1611192
237774
3126760
9608302
9706625
2342587
493571
3344033
3702468
1882778
1135981
1574981
8432578
6942947
7350624
4402414
1338999
1814228
9814158
1924605
9682088
1589003
5378282
2464577
336611
4936560
2426810
1314249
2579862
1457098
8393708
4661811
118578
8426305
9492097
5210748
1655947
1609467
5344943
2395515
3397352
274879
1334119
8183519
6636348
2446072
1879816
3983804
1657584
4876337
1724683
5704206
8885249
3524310
1826523
4623707
5544856
1268637
1590227
1109269
4283112
235605
1786696
1169181
2687665
1812108
1794478
5221096
638259
1265246
1346053
4885392
560095
7714519
1582630
4813456
1417532
5833773
469579
1984
6579611
2969665
6557906
1709833
3326152
4499661
8560548
1935967
1197780
1877106
1471051
1116370
1377916
1647277
1522662
3763731
2600095
3815338
1810811
3369121
8985091
1453607
5564415
6693807
3352313
8221207
7107596
2519530
4594050
2647758
1577457
182418
1340921
1247791
3885776
2996252
130634
2650039
5716311
9776950
1593124
1990519
1237465
7542045
6525734
5478714
1974817
2265253
1812393
1160597
9191020
3715702
3178457
7978105
1231424
6142314
6405860
1502940
1817855
594888
2583721
8873079
1409539
1475183
34324
169793
3427547
1699702
1815163
5646843
3982445
1906391
7487082
8507020
2454238
2477071
3724671
1567315
3854886
1912068
3109427
3822832
4823859
4468415
8196349
2924231
1613745
2869035
1308472
1647612
1800954
3971441
4505706
8449960
7369534
2983979
2560634
9642232
238399
6771800
1314827
7719434
4789062
2386671
2121727
3273261
3462166
510367
3833558
1963834
3738571
1740362
1989601
7859668
1576670
1127996
1938399
2333717
1806118
3747149
1306168
7451133
1523668
1344236
1168561
178400
3386712
5402091
3172282
3160661
4955953
1672245
3298474
2838870
559527
1347791
1305810
1519876
123291
313190
9231355
1476989
5470941
1282096
3989230
3684615
3109041
245620
6614805
7337561
594056
7168353
570970
5382648
3759318
4808638
5380522
3630038
1652400
3615833
896714
7861046
547367
1741679
671439
7811096
5331265
2255821
5526010
1203147
4561790
8711089
1219420
181519
1759693
3580334
2888504
5281956
8403319
1200506
4733496
18508
3790544
1960442
7244216
477031
2626453
3191732
3513285
2239653
2258491
6897684
262497
1100803
6948730
7744378
1888142
291127
3782394
7444500
1411745
1485725
5872005
3829452
5815531
8210534
7720369
1587709
2226691
163615
7284425
2225112
1837126
4455183
2353287
3462506
3508314
1767965
1735875
134501
2506337
6772410
1970211
132055
7743105
8598770
1209301
1502727
1246134
2337579
841356
1751111
4796598
1373419
9984486
5781017
6436820
1489667
7345606
4494719
1301020
4533657
2887704
4576503
1472513
8941278
6884590
91657
2955476
9777801
3828822
2351002
6348553
7894708
998216
3541244
2955955
1421761
3602030
3937342
287258
9180533
3611045
8587209
3350853
4109024
1437041
4296998
1927252
1739240
1856014
2626175
6350771
1188214
182859
2945531
1269016
1345691
2607111
1201159
137877
6987297
2415626
2827671
2554361
3640297
1847057
2257326
185914
2267331
2998934
4202141
1364038
1719304
6350037
3751514
277087
2278412
8834419
1536767
1675521
8775085
6493724
267502
8134554
7158683
3279521
3899537
2599604
6827375
2840231
2113560
2723947
1213913
2760260
5457567
7820085
1148744
8628532
8355978
1758763
1914732
8895836
2454000
6473685
1665483
1240435
8513874
2538634
1992459
6841983
2585548
1658147
9131862
163938
3333532
4498724
121974
1119395
7966504
3817724
3503945
727015
1435596
2789181
2961236
5127144
3364711
246762
7589046
6363227
1628954
1407545
3645217
3996187
6524061
8661368
2279357
1659635
3862491
3519565
315340
4523198
3865246
547956
1888342
2456245
1457521
7127408
2993676
2637522
3340430
1553136
4368847
1655225
8502456
1768096
2404282
2349314
9292098
3734457
1329025
2574081
2586260
474565
18043
2208573
4398555
677631
3419410
2951811
3846748
5593603
4329966
1550984
1197218
2506163
1395717
3351392
1240672
6308672
4412805
23733
113956
4959721
3442117
1303234
5630434
7768099
1419496
7822844
2144493
2731166
1655096
2170461
1322539
356547
1514015
4368144
3209808
2761875
7729360
5535365
2431428
128225
5558855
2504957
6269689
6397691
3620561
7828022
3468157
2768119
1707025
4914346
4288292
3769928
8309460
2654686
1305694
1641546
3292389
1694300
138960
3876533
680861
5781332
1427237
1688747
510697
4433425
1184576
9573942
198075
3461479
9287339
2791298
1288376
8953422
6305370
7610309
1365551
3947919
9658356
7757826
1512986
1195646
4184463
484225
9847818
2423424
1646970
8157094
2707882
1485390
7468954
393306
9802277
1216915
6252820
1690681
8102950
1587058
2103073
2740501
9682598
1607654
1965987
3767307
2175840
1867051
1787912
4103160
6904677
1502211
2816484
1339975
4137048
3285207
9429060
4117085
1539325
5610727
2839034
9207286
4170906
4298663
2645014
6292548
5967663
1426555
2672079
6262909
1287398
9707860
7194455
2778868
1473542
3122275
7990400
7706280
2286976
1883672
6102216
3695680
7718576
5432411
3349708
540341
4447324
967465
9967029
4368610
8310335
9503047
1357916
3356356
1489163
780856
1432276
2791653
2614211
1501349
3370935
9911461
277657
4641933
1931936
1522909
1661279
8751303
191008
4298158
1334310
145963
7370585
1666855
9627907
7300682
5657440
9887892
3409839
1122710
477741
4615731
9574724
7532175
3939567
5865020
6513204
2130064
4206591
1879964
4152903
5886831
575842
9376593
1219160
2287735
325883
1379475
2612398
2960045
533820
1743675
1141686
1918558
5707027
1653583
4518027
1522955
3447271
158349
3123925
5936228
8633838
1966542
2410015
6744473
3469995
1671366
1477756
5592912
5359246
1987763
6486567
3853995
1701658
7514242
478141
3542706
859162
7521451
149987
1688133
1163931
1584953
1376763
9820512
5112899
629813
6398556
7467556
5769917
2661430
6737922
1931252
1286910
3628328
9787239
5945127
1635620
8559963
341237
4200518
5982516
1222630
4231665
140925
1160015
2789654
1270626
9408110
2635755
3683827
176047
4247386
2519904
1574695
3739584
5525762
3890575
6272245
5943351
5176408
6446983
4283991
3647001
5109365
4978105
2325114
2851352
1100107
5262641
4878615
2757370
3345978
9945587
1618150
4752466
1441614
6476941
9506997
5237123
3896867
1573212
2605523
3657679
281869
5776445
1442423
2898030
1269966
1685229
1675784
7515030
173921
1310038
3951128
1947566
2196311
2254617
6642093
4593070
4777137
5365830
2191974
4881851
25760
1902246
8539660
4305991
1280343
1439162
2385966
9253641
11941
1168645
1459916
1542991
4399612
9834772
816915
2912860
1634443
5853984
4951183
5662154
2708897
1195783
4177301
8412808
8850923
1666871
176492
3187916
1920279
2426103
3597537
1209415
5581032
1392748
4945087
2375058
4654817
1455875
1407542
5620335
2544251
2879063
2870058
3738233
8902435
9905177
6166272
5741775
8653615
4654835
3913879
421388
1715841
1895920
6910420
1128544
3778918
1950531
2267910
7948104
5558485
4257258
3331634
1212908
2188146
7384748
3364404
7366001
8740714
5152039
5956771
534368
2219346
8252571
2406291
7404009
2362944
4187725
1333550
3786537
192587
1523611
9108863
2131827
2117742
5705089
136599
7893418
5676433
8584155
1251617
171467
8976588
615211
6649020
2921119
2757411
6631439
2639815
13635
2544733
3619748
9985638
1250349
1699270
7144500
3654835
2625255
6270608
5900761
431144
3341028
563283
1642567
3644306
9946037
2944822
5790516
4711303
4666443
1452494
172780
4196010
8818784
4539622
2196114
3275213
8864028
2522155
9108347
3674127
6632729
3389684
9468148
3148018
2313728
4254995
2941504
3540095
3421279
1263086
7611013
1827408
1794617
7448113
7185109
8511592
1680536
2953147
8685635
6836358
3575195
156867
2697151
2891612
1909657
1347825
1212239
1315807
1511071
1233528
1973679
4654560
319458
146412
1783940
1195433
2718134
2134229
8767664
6262189
1140951
1672069
9918731
1752346
1544807
7892193
3561978
6694944
1931186
5350734
2336163
1979059
1821614
2353456
1609077
9564
3516819
1336766
2266655
3252608
5216522
3719630
6713543
9331023
1697433
1511119
2379406
7523945
8163242
3185245
1787135
1397353
1141264
5571938
1810266
8204121
6538201
3805487
2859054
3945435
1754021
3138251
278653
159351
8484458
3588051
8999897
2624254
1379935
142902
3332828
2486396
1139289
2328323
1568290
1669969
1397550
375314
5691062
3359903
2878690
6505594
1179011
1711342
9792989
1163762
5796968
1894482
2731126
9918310
2756333
8287928
2750827
5721253
1435753
4186715
3577327
233768
1605017
7668462
3562060
4547365
991748
5620829
1273873
2393392
4716336
1186116
1219999
1652620
5415723
2950526
2471866
6401007
617313
179236
2677006
1640868
1429653
1954728
4408228
1299719
381370
1846763
5243186
1452067
1529481
1775497
192233
1986998
4643057
2923749
3732897
1231844
4335380
6742056
1364056
8618096
321028
4194858
1398158
6256140
5693849
4862275
2434653
2421867
9319754
2236928
1216440
4102922
2655093
1264694
1587317
2139637
2578937
1972103
2914635
2146679
3282132
5385961
8199932
1937992
4874420
2797191
2627161
4198858
133213
1440987
1989510
7688821
297092
1715074
9413500
1381525
237528
6758460
3490169
6483981
4614270
1392492
957077
1344901
176949
1255901
8829549
1289405
1653197
2749130
1627269
8471277
6568739
1806516
353566
7201127
3247111
1847808
83506
2520200
1971944
397293
1291697
8132325
6368995
222447
7403231
1712282
7422502
1464257
1312895
2339777
4753515
2484143
6970608
2538194
934633
4594102
1786876
1994779
4457220
1527100
1559709
5655360
159734
2496585
331340
522592
3804852
3290320
1989817
3104690
2468650
2123232
8927295
5592170
1337447
1857092
5195980
4830816
7734536
8318454
4398108
8645930
8171692
9490424
5957736
3942408
1425667
2947841
1724219
7720149
322185
2229893
728951
4495656
1321422
2658597
139167
6495454
443593
1369242
1224135
4404430
6656278
5154187
2938213
7308317
9553024
6928964
7628739
1847468
9913861
395229
198620
9878043
9399589
1843489
1467509
2427347
223138
8987262
9629571
4299419
7447858
9363647
1981932
6559799
1490279
2253098
2709071
2660672
6389815
1345016
215699
2849658
1700406
8168065
2714461
1388718
4128477
1533742
4589488
2739563
2820177
6127484
2978194
2367901
168964
3133910
3692714
7121694
2195074
1141278
5392968
8425375
1342082
1824275
2623777
6190779
4745507
2542265
6281664
6276847
1783791
1593944
4503850
6901893
2998893
1287225
5421241
2576302
2959800
35679
1929190
4614881
9325899
2234328
9981711
1200257
1815350
1619341
1655067
8438333
2229771
2113273
2104774
19087
196139
5359125
1702294
6268198
3416708
8143671
3323562
1746351
1423297
6895952
6274875
2111158
9234427
8293792
1703020
1618801
8709080
237751
3826261
6760989
2301131
5904284
4524558
7764321
8685287
1473315
3308420
8950423
1722279
2408979
2557762
7254282
1461906
4246305
6568159
6732511
4392149
2198301
1861891
6558124
3456984
2369033
6778110
2421292
4163097
9919246
1798007
1143634
170279
1804338
6649995
2408129
1274140
998342
8570491
3125761
236613
1975734
2788892
1501392
2292619
276043
3951211
1631995
1528813
8872946
1968064
7403639
3154451
1508964
6883363
1136716
6889963
1994329
1529065
6530527
2191314
3463966
7743199
1877337
5384573
586312
8804179
3467310
1364137
6334472
2738818
1575929
2950119
6320178
7738841
2556067
5328104
7209657
4364818
3413620
515452
2783257
2286000
2894692
3853528
8635225
2877320
2800570
7483119
2115314
1679213
1727119
7334245
6206433
1472607
6733303
1217065
3565462
5840308
1366767
6738366
467606
2548777
8292471
1297020
3993347
8555478
6919206
6199472
1265111
7153044
8860403
4139475
2963472
9691683
1164900
666759
1640343
1240139
1608862
1834701
2776882
6108088
12469
1825085
1230948
6880059
2791502
3566534
3469560
3401769
5810815
2550990
2490336
6611433
4105294
2981191
9649871
4159914
5498530
1329951
2479016
8739656
1149905
9208512
9345422
5781635
143658
1459476
4423519
1518099
2409187
1166718
1726128
2254329
9516718
1312857
1179707
4656430
1817341
5530144
4506295
3590933
2833338
1167223
2105537
7380609
8301898
4438336
1538540
2883903
4257877
137724
1186660
7507477
3705087
1215117
3139866
6477846
1351983
431250
2786233
3553657
4779500
3228208
8110048
5565460
2834202
3592749
2409782
6484639
1854761
2644806
859479
2640474
2344170
1129993
1685673
2241842
7597299
2955095
2366207
4145651
3225881
1385196
4278811
4840857
3298936
5979527
3613539
1795646
2923856
157221
6239089
5946488
65947
5969249
3644942
3194661
1440002
2329651
1979301
2209890
453213
8556172
1844007
9907042
2479286
2541845
2270353
420311
4582021
2285447
251341
4702566
371023
448715
1297342
9779630
530657
4146667
548453
1369781
66928
3589987
8374349
499311
1919451
5333541
2873942
4848074
2832443
5380257
2133333
7271917
1631950
1718885
5164764
2977572
8730922
57137
2396004
7795558
2920970
8438765
31997
5145944
2218667
3281091
6482113
355128
3970120
6816603
2822557
7329602
1450956
9919991
1184856
5472322
9896117
1615554
2473528
1103872
3850442
2457402
2785440
2318801
5755338
3179345
8205416
4613517
4814712
4269915
5293501
3592957
3625413
6586450
1831428
8441408
846585
3710344
6779836
4165420
2934766
1318052
2655456
2187960
117613
4369713
2999313
1499706
4774412
998499
1567392
3477771
2594543
1863364
1748233
2422686
3146100
3258380
7984866
6897283
1330109
2461153
4796370
730435
3572529
6258191
3489707
2655736
5591729
6893029
4625122
174065
3737734
1282950
2381367
1119794
5528354
6791693
2652564
2765444
1286393
1381111
4762424
2590228
1877344
473069
6897525
258420
5806797
9314735
1506010
8949097
1944124
1534636
1989851
1109455
1744096
2234452
3750962
4954440
1983759
389888
2756709
4126658
1768228
4881789
3726242
2109123
4981057
1982473
9538384
3496657
5198327
6527233
1965933
9605456
2568546
5198838
1936416
1618987
1157321
4752492
1935394
4418618
8373071
3304854
1688102
4161469
2515331
4996647
9171973
87468
2728990
1888062
1520931
2715166
1700898
6909573
9306783
3871869
1584977
2320435
425067
9459599
213577
5866982
6836438
9681764
22656
3635578
192353
1938143
1804406
9402344
385301
1225777
6597796
6840383
4332166
7105293
9281547
2692054
4912664
1213866
2677060
2767089
7970625
5205149
3346421
2403249
1580846
1858532
178698
4663092
4851607
322835
2334202
5621037
1121328
1733080
4940610
6379271
1513199
52171
6943379
6218156
1317780
2741298
1636915
1812374
6989230
517517
1230351
2632656
1591618
1207367
1967675
243463
4600449
1382761
6751708
7794011
1963293
5668076
6131891
1952539
4701946
9379121
1696648
990608
2767168
2514783
6654462
210584
3316577
7949760
4985609
468842
1286567
1488016
6332563
1706532
5755788
3359957
6872442
7996721
3601494
4157347
1112027
159518
1620255
6724369
3210774
4472494
7354298
6873173
820030
7569232
2761904
2414019
1120550
4280823
1507101
7245104
1538968
558817
2724371
1453695
1899755
3229573
2632589
4253587
2282672
5252554
1944162
3681545
5602253
9652829
1363306
4918652
229637
3200298
3878712
1845207
4249710
682433
1819729
3932629
5884452
2451127
1128810
3520244
920610
3365128
2863164
1300065
3992827
130822
1908187
8211346
7379265
396807
1123745
9281404
283922
3820973
2901637
3818857
1621588
6161221
2952760
6643620
433574
9260911
1940144
6253440
2505411
6789196
1264739
14852
1535270
1240323
5102865
1965688
2687315
7396189
3972042
6558566
2189469
4408528
151044
5366569
9352045
1811028
1881412
1650539
3331778
1944809
8175720
1838440
5383407
923408
4534552
2520591
3879925
7196643
4844144
2886826
5920539
2645645
7463780
6782047
4444545
1246281
6475972
9712788
6432826
169668
253245
2662593
79054
3910977
6369784
246180
1161299
2999705
4416020
1712789
2286227
4359425
1185726
2914429
2620624
4472270
4906495
9742444
3620185
2343381
4222456
1247592
2919451
1552023
6867543
2271843
831892
8810811
7283763
1724012
379870
4991997
3550645
5595936
3968299
7880703
2493610
1255619
2546991
1246808
9465476
2333601
8272527
9646180
7160251
5120421
2524298
2160383
1675401
3463428
7955087
8193282
523917
2850943
2915814
3210216
9101615
1360786
1526535
28113
1129558
3107179
3855379
2859442
5680422
2375170
2743992
1155673
1386997
1568071
1257478
7809473
8831956
5277448
3538470
5725899
1173693
5898786
3789089
5366830
1954202
6209638
2901287
3600993
1191003
6624920
8635466
3830492
1948863
1880145
5212989
1436245
1610582
2894004
5476305
4791119
3169201
3421296
484528
1735811
118015
2527369
6907114
7697965
3176113
8396156
7523191
3458546
1157271
552993
7679880
9180151
8560291
1423361
3458417
2516911
8988629
6552953
361774
7267806
3352373
2870188
2566337
5847602
1606671
2747978
3104580
1896655
1170503
5419837
2234426
1142042
1826259
4510018
8471371
2190448
4226144
814320
7855829
2848465
1741276
1226962
5532810
6296229
2577947
1534171
6157781
9103967
1565898
2597908
5263182
3428974
2905330
199143
1137567
4907791
2375744
8863666
1438893
1508116
132331
6418793
3979235
1385245
2575176
3148886
5932981
5810731
2804645
1834548
4265959
4348518
4255553
2398437
3184464
1476770
1463375
2566292
364720
6671704
3677741
4619637
1657384
3349102
2629462
1667211
1370861
2152295
5769343
615357
1415735
4523326
9937621
3803948
1968313
1387126
2658299
319510
4641667
8126969
2248772
1853908
2193658
8356887
1862188
2286920
1182476
7338999
1223042
1483078
6631527
3384788
3675103
1702899
1204385
1413661
4250573
1763746
1492263
8263544
1169711
347715
1770388
3759144
534786
4991828
8490033
1128554
245391
257997
3346747
2285061
1783095
1495723
2743498
5630667
1792497
4572297
5567346
1771396
1415762
1593712
2961133
8751420
6400080
2760097
1230608
6470352
392141
1246259
2714849
8552023
2421388
7334529
7532747
4904501
5475465
7803251
2780938
3582388
7266146
1328633
1561575
128159
1742357
6411112
1639088
2151812
8913938
3168155
4821783
3620990
2658362
8940669
3901303
9958022
2359507
1428519
1119206
5202617
1834403
1108085
3341996
1703202
2441556
5134733
2381711
1543624
172251
2768954
8413094
8769609
6475011
7933257
7297454
6746425
1949898
1285501
9875433
5987752
3379094
1270444
164829
2441519
3269610
8152771
162986
1597808
2525540
4906331
1910721
2558396
1336862
821631
7942820
4556907
276394
1499301
3141896
3195477
1977019
2600312
1907742
3886806
5928963
1261519
9427971
423644
865953
5542767
2357499
3906598
8333842
1559506
1428405
2991684
160449
1287652
1895268
6100795
387636
8297681
1735764
3785752
4393749
8467628
2355769
1703732
8602512
1522146
2758410
19466
2604286
1702991
1874852
4928569
9321724
1554643
1424912
5336353
2781897
3218364
4905886
5235222
4693776
6949622
1826956
3480048
1781396
1967649
7422459
591973
1721821
1112151
1124721
7612061
2405410
2473817
1346198
7841649
5579608
5528586
1502044
1559675
9759198
4907746
1586754
4299351
1735457
5792713
728600
2605180
1940589
7696451
4249672
6785254
9890934
1503553
1778839
7261497
130840
4564537
4636561
8269966
1602803
173605
1128882
173378
3626878
1423069
3173550
3412249
1566246
1688330
2409192
9210103
4128021
5627262
2132950
5991855
2244277
2991696
3389421
1534494
1448477
2543572
4240389
2245401
2473726
2166977
1435821
5267503
2886074
2365326
2688997
8945835
3661648
1531443
1893944
1823633
2835970
179376
6930345
3902490
5405499
4104675
1930989
7293605
1488225
7342764
2353566
1862443
1103495
2338883
2334918
4829625
8423240
5794670
5847158
4120098
2187842
6208926
2408063
7578196
6610708
2171628
9392001
1460461
4960128
5778749
2761760
1925266
1157214
8677878
435511
16872
1773791
3726538
1911441
8914214
3119335
1849357
1888163
1857816
5741782
2594629
1104366
2216947
6733553
274105
2345659
2561870
38424
3362408
5834136
410641
9642059
1696367
1554389
2500562
1517241
4408393
1445804
5112113
2349553
1596504
5549591
4824597
2655672
1875302
1497436
5913894
9458401
3565074
335927
4694307
1110401
2700164
2535135
5600607
2905764
1270809
7335525
2138169
2727477
9409725
4925324
2368482
1327082
2757470
3439945
9415973
9875958
3135561
28663
6427140
391935
2713277
2132423
1210265
7474075
1780241
2464030
1689466
1607330
2515181
2665717
1568561
144806
2150330
8220358
8568523
1126137
1274631
7570790
346460
2919981
2496367
2820197
1531037
3465002
7192546
1592894
1801315
4133066
1294012
267534
6114210
4891986
149229
2406580
1464305
6809510
3774198
2597155
553501
3685760
2731596
5502628
1484949
6973838
3415639
2638304
1549094
1259902
1574365
4863864
4160058
1869298
2241687
4979064
1112029
2938016
3209161
4177042
1480687
1463065
2601585
2832579
1138882
5791916
1716692
6383290
3104314
3817736
1251908
1809541
3150026
8401692
399568
3227070
3444348
5777217
1362524
9525641
3594337
6629158
8249303
1136167
310922
2448928
1442880
9599251
5922865
2110618
4205423
5391228
3242106
4735234
6448806
5596849
1499856
1600269
1996823
1460042
140182
1360600
1992710
1720012
4721982
2950298
1178781
2240806
6586007
1416147
2554310
145138
2546801
1950172
1647626
4114220
8443134
1166418
3592487
6360482
1644190
1288578
2902667
8754131
2448241
4955859
4959484
6570866
723397
1807894
4953472
4360731
1709352
5748067
5678376
1311310
216481
7770613
2237514
1683845
1392022
1954569
8764867
1739741
590784
2889263
2515500
2644743
1836060
6101807
1273696
5339131
6189348
2974539
1240325
1648505
3882931
7439519
1535458
6226835
1321519
5263547
1406106
3772026
4701164
1594707
5281608
7463958
356133
6483888
4704391
5739328
8920177
1582217
25794
1398093
3606512
5349198
1379073
6374223
1696690
1334719
1794191
5784944
1475258
5872001
2489004
1802901
1967107
4486562
1272025
3890901
8565237
6479005
2237583
1776377
4366294
1217481
1826200
6391309
1910052
1470732
6776478
4600821
4780277
1974718
3135131
1996891
3251540
1550190
7598990
8880343
477560
2951060
1712194
1944418
1734106
1444069
1999049
213670
6468193
3992102
4225394
485297
1126576
4834694
4876643
435224
2962270
1461955
7443650
4793972
2533509
564406
2287393
2513786
7286352
4690419
7790144
4152004
1891721
1459758
6125492
2220115
9456602
5814428
8834551
4543525
1306298
8337244
1350354
4837661
1276150
8113915
1509088
4747449
2693088
1534394
2944045
5560294
1355953
5500333
523735
3920283
7224512
1327261
1346062
1819214
1999587
3508975
3915702
733252
2564316
5340547
5967777
4199950
2100914
325916
2875926
4537645
2180977
190376
2569848
1960602
1145917
1796931
1177854
4815374
2873802
4893841
1712543
1891172
2502342
4283979
6819313
1538625
3143286
8415764
3643585
1178610
6165650
1663611
1974716
8907180
8283548
6277985
8508037
3714831
115635
831161
2663474
8650413
326449
2238522
1138937
6764931
9112124
3948805
684800
2478020
3193269
2380869
6541633
1454382
1514024
9648596
7129457
1744289
4507777
1454675
3368204
1486497
1375199
3942942
69751
3450299
1481663
7450695
6556077
293607
1109353
8975664
6945355
230580
5980744
741748
3524346
1571750
2736698
1755486
4709089
4942519
2507680
4799408
7629582
3544318
5269952
2428633
1729557
3443074
8949309
1816366
4367381
9499343
5822450
2381470
2809053
3210338
212135
536796
8690457
7567370
8764976
1320456
5119694
6459099
1974992
1664430
4145475
456777
3940845
3250798
295104
2774200
2555407
3604182
575744
3165125
1557995
186891
2143608
3762035
5361020
2950656
1219233
9695031
229860
578118
6666729
3182874
1457487
5269981
4213071
1828272
4410533
1960915
33016
3538296
681278
4582172
6104141
2149532
1474155
2851177
9225533
9539875
2331376
2716305
1310424
3685652
5842304
9442109
8863917
6737138
9303183
2224736
4625639
7354158
3301880
1428995
1378894
1154103
2634196
3552365
1916080
2732181
1279282
5385860
8848047
7829920
4934724
7420294
3162254
2208205
2956613
1562021
1703986
9961667
111203
1939092
8387046
3929195
1374098
3810360
4585835
1220658
2237473
1263303
1830382
1488269
5473756
2727150
2557938
1141456
191806
1606326
1470664
3187570
3406925
1282376
9607062
8389217
4802836
3575087
1364298
4492093
7353333
3268023
149135
3254820
7387384
4556653
8587045
3779260
2484748
6870920
4252791
1953100
6565446
1262877
1623276
4638372
3628167
1779859
2577690
296788
3975238
6537712
5621263
8224483
5748511
3623260
268467
1854815
8878664
1235382
8290975
1218452
5932852
5760719
6724943
1946676
1469027
9808026
9752215
1363500
1897002
1982679
9834794
9986534
2843421
1593818
178721
1437990
2870463
2873751
1895407
5775070
7781232
1397008
2993647
5323716
8187171
5829718
1588659
5470965
2958999
2809968
679691
7691185
1944475
5133734
4972199
498739
1509866
421879
4718248
5637353
4726727
7829863
5120856
1448048
1153928
1341296
236023
164564
1646982
1808627
1766894
3379375
2298823
9841824
2492758
4586779
18013
1991195
2291707
1342142
4887849
1443724
5608979
1394266
5623581
1110677
5410018
3665837
1126082
1299906
1825974
464459
1587242
1643893
1658997
7452342
1970315
2826918
1499432
1192347
2445491
1938832
4492639
1280381
4735625
1577749
1643356
1594167
5672662
2684276
831819
1602317
1272992
166739
2864253
7246166
991599
4938433
2588661
2824566
3915441
1491842
7523315
1448283
1886167
5134111
2671044
1407506
6312093
1944510
3339559
284763
9964755
4847409
2245458
3696710
4467809
1454720
3864648
4263676
389498
167975
1867451
3873446
137611
9168707
1255272
6764373
111448
297701
2359040
7536475
316044
3749362
3366466
5383334
4957718
1981484
7493787
654159
2129555
8133002
1427724
1671565
1979984
7997387
1621941
5890204
8785695
2388213
1764939
177526
4116280
1227107
3744206
1768108
1424578
6822495
1160545
1975211
2505515
2807195
1495442
2838973
1469604
2879460
1282731
3681853
3574618
289812
6804235
2192764
2214373
1181108
6681014
1836307
8644944
2173859
1471099
2614631
1461456
1136471
1719193
5776058
8665434
185113
227760
9284045
6162348
5692595
4409432
5519257
1680054
2148005
3424399
5170694
1999295
9434377
2706191
5101645
4596880
157859
1998455
6561729
8958852
6712350
7275355
5279838
180597
1651141
6516697
2933562
6609325
816946
1322213
3929547
1448167
1279005
1691424
668584
9477165
2394630
1796557
469766
9994365
215116
2353471
9333895
3655830
7658236
1163321
1696884
1959625
2792483
3576712
2454327
1410696
1312952
6760057
7915047
948968
1416027
1740184
1853828
1737890
2422910
7207288
2272140
1468610
1112155
6539800
5898657
4242454
1275680
6320414
8212836
7429123
3988992
4994062
1190888
5633497
5853235
1535571
1271707
2791763
4956070
1591960
3577125
4532782
2545088
4344789
5311321
8808338
1917618
6933765
1501588
7339962
1866024
1730775
1241314
6215434
3275919
470167
2229262
4652103
4242252
6822023
1775740
2406672
3769815
3867601
1123959
3957888
121459
1159328
3668666
2269266
6765353
1716552
5812742
1679339
1380784
2341719
1256582
1755213
4786560
4155582
1780242
2451388
1664294
1902754
62734
2362928
13264
5925242
1654533
5323155
3797014
8275517
3273048
3621157
5447108
2432316
4217500
2614470
1607344
2866218
4763070
1149469
495695
1710656
127885
1877108
1844458
1288701
2239466
7539798
2264804
4249757
250096
3840864
2663894
9949166
328104
3758662
4908615
1747262
7173241
149052
277180
6577740
970830
1844090
6178307
7771877
1853246
1883484
1291459
4741708
2705416
1228229
132009
8296768
3987999
4939172
4599069
2871946
1941534
7672047
3512788
3114919
1260498
2193305
4480540
9769851
4247930
264493
1153403
377089
4984111
2162547
146754
7262227
1964470
4530398
3343874
5958306
267555
4830464
5760858
737751
193234
3171951
1259776
1467678
4890340
2110717
5140924
2493238
1494086
3451227
318886
4887101
6392800
9334805
4792072
3521649
1217217
1932472
2223354
6669824
873301
5342852
863703
6371398
1278577
5395965
157630
332762
1552182
4587786
1324404
78651
1181024
1176721
1164108
1754083
2718667
1610164
1328460
7830472
2393089
3706714
4871908
7804827
1855978
1600115
9922169
5841624
3649550
7337919
834594
9674357
1588263
6664956
3692587
4414536
4133092
2642634
3474127
6596072
1183825
2934208
3816189
856370
7454574
1461752
8142265
1692678
6690015
2427831
6873004
7947714
5662681
2386891
5708148
8884807
3191289
1220070
2455963
7359941
1463862
1634135
7108796
1899938
4810255
1873690
159762
1713074
3571293
2143465
1232777
3398488
8874326
5359480
4643297
1847901
8636727
3353770
110867
1889914
4550764
5124701
214308
9977703
2535297
1964975
2373137
1970716
264753
2976245
9216355
3204441
7671135
1271411
2311227
1738169
1666283
1630244
1599313
5553671
6435987
7647859
2131394
231379
4100381
8692086
1349198
3204905
2603055
2578868
5663991
1108665
357075
8267029
1357779
9883642
5926365
1222467
3554489
4952489
2326905
236336
4529347
7222259
3273282
2629867
1690473
3515293
6294731
1454555
6297556
135739
2864708
2499443
2973518
8717891
1418808
6512090
1205647
3295953
1351756
6511733
1540792
6312737
755528
6910177
1162369
2924419
322976
1156165
1570403
3825477
1382270
6816529
3837886
2560829
1742293
2372440
1880028
2879783
1888025
4556903
1865376
1572490
1940079
897902
7905988
8457127
3739719
9441403
2414444
3325384
9100556
4825210
1685971
2733768
142188
1381062
5405454
4671560
1933352
2190682
1223594
2217088
6571899
1573380
1395527
6873364
238276
4408454
4307394
3719557
2511913
6424140
8200768
8512682
5498190
3918728
8886302
2576242
4875089
2904604
5968266
1323156
112563
644356
3695163
1224903
1668077
2817879
1548799
2520426
1886258
2105989
2755218
1684294
1819575
1119715
3859033
1949046
2181862
3578058
6356682
1548522
4976151
4676278
5619209
7241791
9837793
1577082
1616181
1457365
6657520
5488762
2724454
1736031
498260
1932156
1680918
3706387
2162703
1937337
3801796
5127649
9297157
1928756
6458264
1119096
8296119
6850222
1846879
4713576
3226363
7547632
3307186
9212457
7997756
3226379
5890688
682267
6458649
4704408
1853631
1662703
3566929
425613
1778847
2136483
1818679
1712915
1899084
2610779
1195948
736061
1469724
6753583
2617807
1602004
8418014
3288404
4734143
2579846
7186459
6940135
1489396
1759726
3198864
9449965
4296477
5337572
1153876
1669137
7678410
7599163
2878367
2529586
1593436
838298
3355910
2756875
150171
127768
1660210
2283944
6109488
1241157
1807043
7857878
1864292
3687170
556380
7736362
352761
2818411
9605390
1192075
3501014
6817709
2157527
1104544
1536763
116478
1856929
1250664
8541071
2270098
2180436
5108260
1303192
2207505
1286136
5815594
2515849
1717780
4971259
5131279
1339439
176658
3934012
7940684
558224
8480555
895915
6321942
1921184
4442737
8798550
5388973
2877170
5347345
2609115
1615555
7119814
8405852
2364961
1651532
3950227
1372363
8381151
1734281
2853931
3588989
252778
6173302
4457734
8507965
4535095
114241
2108857
8443177
9374675
1799495
3464211
7685261
6310021
1542578
2663172
3322811
7821857
1207483
2347030
8107038
5546882
1317720
1103175
887424
1683331
246842
2562
2709722
311323
2295652
1444716
1131165
1215957
777097
3546291
233221
6949757
5905760
9110632
3947882
869083
3294944
2814583
3583953
4159563
1663854
194628
1841781
2795391
6955217
7373612
4805449
1561001
6895700
2571625
275781
7966103
5850725
172795
1694191
3491631
6593866
4652210
7745321
9247321
6509082
1600660
3233673
8582572
314698
7475343
6286866
2133449
2285170
2808734
2827242
3762296
1884936
3466964
1146637
6589445
2987268
2753797
7751335
1816386
1474203
8612982
3911238
286368
6569228
2580327
1576155
9674223
8573241
8864027
2823716
1369475
2402908
5971142
3574645
136878
1301191
2806894
1168000
6110013
5208143
3298215
3249883
1113642
1843024
4496428
1132959
4482897
2522359
2227345
9336906
9980173
4768992
62404
1136726
958715
1733844
9322030
5406852
1885384
4513812
2620334
6896582
971386
1300794
1383064
55648
6475582
1174689
2600257
4736230
4817478
6379132
456244
3458080
2670287
1178380
189904
1161258
3731343
6281597
2787111
3518630
3471917
1608480
2294524
1107357
2324609
2124016
1651928
4398614
3715099
4137121
3489509
1511536
1618303
2985916
1559535
6634629
7201284
1691390
1166692
1506314
4695146
4488969
1472423
2812093
7528004
8738697
1721231
7727613
3779250
3447808
3462926
6271085
1601533
3802307
1651772
134290
1877536
1271290
1375900
128708
5698756
1615401
598535
2551742
1405367
7670957
2217493
158134
2908778
1831503
4115893
4316626
5385918
1605525
3693650
8769970
2621618
1637380
3929606
42128
6875350
2907474
1331467
7889714
4409528
8558723
2337612
3241814
1101283
3385869
4346409
5744242
1885798
1343397
4537054
5486375
6151480
5815418
1432040
2367110
5930655
3994167
1407654
5160471
9978898
1238272
3927084
1530016
8939776
4705262
5374555
7519528
1753852
8387622
2967397
2517401
4672806
132393
7366752
1757028
2666884
3841894
9550710
61839
3908578
5521622
4975881
8877424
2368667
234818
6192210
2316222
4588584
4133304
1425613
1530048
3259017
1826696
234628
1501256
1976059
1577671
167783
1632237
4892850
3730754
1171665
1499736
124653
286900
321952
9873487
5972388
1604481
8229022
3616212
1934511
1836461
23694
2945406
8956463
2214156
8178810
5796786
1327960
2557343
9355342
4526094
9952071
2567513
170236
2278188
6897606
2177613
1710340
1621517
4814013
7848321
2167952
3658949
4459816
4221097
2265750
5541947
1179835
1662728
2293629
148911
1567770
3563801
7641370
4232335
2207030
5365719
8597964
4375252
1293120
8336383
2518750
3434699
1694092
2495925
129380
4848796
4550222
4380256
1747056
2735022
1622047
3232063
5727578
6716830
2431847
1471843
694880
4712944
8841538
5472808
1773560
5104718
1904369
1883979
3125843
155563
1148936
3769318
1834255
6407889
2435251
1312829
1945864
193638
33501
5530317
2268082
1807189
4396
2500261
7639977
1308351
2688945
3259235
6218696
4595067
4713042
1407291
120812
2609440
1548509
1355083
1151495
2789399
5593820
1483763
7897905
1466252
9814692
8556607
1591404
441970
1201722
2254488
4128243
477460
4932545
3788380
2613492
1754083
4772
3977207
2255357
4771059
3315569
3108244
2917264
6326367
2666153
3296559
4592310
3982047
1907367
2176390
1739661
4342298
1691943
7885741
1311859
1279163
9858134
1192784
4477059
1571780
2411518
6438094
1306607
1780818
6382015
245316
1754783
4152466
1700932
4250264
2512896
1848622
633723
1421470
2921892
5677802
1435118
5582132
1789376
2540568
1455978
4704682
3274284
1255803
2445545
1171603
4426517
1226789
172640
472528
4912278
663149
1373627
1940951
4852268
2471883
4415254
6105275
170863
3649268
5108238
2613840
1956353
1873786
2174458
1578596
9512454
3925801
4742048
1901648
2398729
1479012
3368626
1502277
7911661
1575395
215627
4509826
6457762
1721454
1161107
213530
1268505
621233
6378335
1940417
2405105
7110784
6484732
4984615
1789023
175891
1773328
3643457
2199094
1129168
5564649
1205576
8570555
9229868
3216075
5432154
1645142
577551
1163426
182230
6384854
6429204
5395720
3298317
2495763
9390326
2131840
1451895
2884073
4494439
2679591
1918014
8519568
7319795
684799
4331487
3593578
8409629
257661
6931246
2646969
3801140
3119114
4604781
2670045
2239765
1538464
2399389
4802708
2972857
2728456
1260901
1522239
988245
7990134
7394417
1674820
8766320
1369857
1375304
2695672
1603187
5620414
2547449
193846
7211987
665669
72677
8572770
2683636
1822180
6986750
2220556
9933277
1428804
1774603
4485810
9623782
1883484
6429668
1236250
9184896
4898748
2660286
1320691
1660916
1624331
1844340
1979181
5904936
5101985
2997034
1893272
7585980
4652295
3575610
6380943
1259818
1169231
4467015
6898528
3538401
2461902
3959477
2554912
425781
1583142
3743953
1126855
163127
1866973
3864746
1127069
7670554
8744499
3434829
3573867
8798432
6186842
9514994
1319665
7839412
7554150
6422808
195068
2824120
2259980
4812287
3982881
2617430
4681571
2107076
7125041
8280598
192144
2504605
3604796
1511765
1491369
393625
5153605
2567897
9823410
3784156
7500586
3873857
3679342
3223374
3994918
1185304
3984
1808609
5941526
1813658
6927136
4855306
2394628
5751420
1878674
393415
1760697
2295499
8524815
1885542
3913405
1755854
1271838
1951308
1276620
1475367
3961286
4715350
1594196
2411430
9783041
1816300
2729752
7857859
7602308
1786592
5691174
1349231
1441877
3166625
2490502
2389433
6913278
4698600
2721865
6213162
1238356
7442329
2633769
3175503
2644914
5414480
9376784
8132055
7661293
3272719
1122549
4595283
2609245
3268298
1644026
1711440
9171474
1856922
1457246
1842779
764166
1481587
2783005
2532223
380861
3172843
2975736
9975339
2498722
6887446
1580682
6354628
4487247
4512012
3638563
3757985
3415997
255178
1942163
5691301
6411540
4718354
152582
1402265
8892037
6226241
1852711
3427568
1874826
3223268
6920209
2108777
1319956
7596715
4516038
4797129
135850
3606881
1577174
1350699
8703120
2842688
2423147
5269412
3547285
687298
2236555
3986463
1837670
6574202
169782
2293881
1450483
6552248
2578816
1595618
1315390
9467378
1180330
3862458
1568939
2591767
2152525
7758913
3128272
1900742
3837049
5147343
1486546
2444900
1939891
4279359
7788042
4500839
6634567
1503099
6218413
4125131
2970916
53599
2827674
3696758
8407535
2245258
1584607
6562334
288205
3321254
3520500
3969970
6193379
5469572
2285162
1570377
123592
1781304
461535
3144190
6709616
1945114
4724229
3274052
1290881
7435690
247770
1703317
4500647
2686784
6669508
1869499
8808071
1669902
3525327
2659651
4516352
1463500
6245628
1525341
2239327
7933781
1554480
4890356
8506907
1122218
760304
2247927
8760854
376187
2840460
1629147
6597381
6222563
2592955
1849316
9673971
1613336
1603912
9969829
8664671
7278721
56044
2621170
5496644
4971440
6343832
1931515
3802651
124182
6365797
1691077
1824056
2566075
7685435
1615403
1509208
15778
1629561
2407137
8815491
2423307
6686709
4139251
131049
2494198
1385180
474129
3993049
82217
1127767
6939843
7404178
3291136
1633778
424699
5202901
3919892
1299441
6267803
1892377
415514
6579580
2506082
878160
9366688
1587526
1119956
4805486
244974
245486
1572879
3893733
4191540
1941810
1512547
351742
7931842
1293950
4360389
5992567
1207129
2840082
4578425
7348643
1298052
8776950
357781
2275391
2986971
2650375
5304141
6940461
2292953
1989420
4504813
1372645
7411251
390844
7113234
1811798
2684515
6643888
1858371
1504545
2925449
3264407
558231
5532663
1174563
1381001
152667
1667520
3342833
7323211
3866655
5130120
5964002
2530358
6600911
1244882
2250109
3698642
4475361
7556938
9655778
1228459
3485656
1674208
3557206
1522632
165319
1847617
3759139
9163572
3323045
1813986
1285006
9705656
372666
2219350
5748424
1881755
2107476
1905656
32998
1602077
4921659
6920046
5673250
172475
2481999
3243343
1493814
1669800
6363136
8790492
3185150
2815266
1463048
7875548
8353970
2292871
4466753
2288009
6956983
2923416
9163496
4250059
1592563
2474585
1182514
450403
2813354
3388472
657076
7264969
1532930
5213865
1902591
3886027
2577060
1111006
2655497
114681
9416957
1341958
1897476
256908
7141243
6790238
4232689
2993724
1339185
1279277
1104802
3520829
3354425
4677756
4338119
4979285
140124
1600331
3751343
2440974
1916751
8562463
633758
1867986
2834705
545670
1602414
9113611
2163315
7548085
2290902
1494601
1668879
1601687
6440362
1112211
4395724
2237138
1406880
4170627
2794310
2280974
226539
6351464
1463160
1476826
4968420
3900766
1176876
5338186
3649294
1999974
2617371
1328549
1396740
6595694
136823
4576411
7181740
2922443
1382754
185151
5743720
8932915
2378272
3776886
2533237
9733113
2391003
1315495
9318937
1435831
5827444
2798267
1679848
1284388
272654
2770115
1771161
2741130
7512473
2465336
3895700
9670936
280158
1782366
1730303
1477792
2199997
1440730
2834722
6282792
8982788
3974822
925208
9701522
2446069
613455
7949300
211570
213452
2357702
4154490
547472
4492967
1222695
5201912
7208911
1289369
1375848
6200235
2945806
5357761
1375937
6681788
8115433
9999338
9546426
1566240
2385042
1303215
1418142
1327157
2255687
5121211
242504
2772496
2806174
5994630
3157746
1149958
164340
652382
5597135
3869961
3617226
2240777
6388336
3460564
2548979
5616688
1122149
3268617
4530629
1382760
416162
2690923
7348656
1608649
2892126
3742327
3398577
1471109
1693455
8588396
7629370
110641
3102681
4687280
3988732
1239639
1390765
2342775
2508181
2820414
3244126
2551937
3631222
2897450
2246895
4363378
1713264
4108084
813630
6304510
4296080
2992264
1994630
3318277
6160680
2725072
6660672
4570388
3385387
1899949
146208
1963946
2406989
6172646
422933
4271547
2416973
1121861
1841359
1279724
7260491
9868923
16644
8824980
3361456
2578267
1324972
4997541
4977411
6129715
3309273
3669134
1381943
4928662
4103202
229625
1857904
3594673
3223635
8883138
9841776
3208969
4174570
165157
2942658
3147173
6844126
731878
1465164
7595159
4700238
8149917
4213788
1900250
5229421
1340096
2686358
9727457
1778414
1190143
211137
1355062
9437758
4235151
3518490
1220671
3651999
1837290
2803616
7469544
8519007
2327626
1792790
9177568
4854239
1391372
8299004
4367603
1925160
1122136
8993433
1153139
1859635
7914934
1904029
1971231
5201674
4145959
6539973
1288608
7948470
6611867
3400910
5159631
8159011
877369
1494142
3930540
6671941
1258098
4685099
2754227
1366829
4494547
2702185
2748562
7635412
1871354
3210821
1853115
156159
1815938
3989669
1193284
1158241
4509270
1116823
1433065
5819474
2401650
1151728
1495877
1720119
4879851
1795461
5890214
3320168
6952229
2141799
3903921
1854410
3837923
2253678
163234
8120484
3350818
4580569
3824668
5442311
220939
2630962
392400
1514025
166719
9772026
6757773
1755431
6575686
2620109
3396152
1336629
6432642
15899
1417179
3376046
1294337
1873483
467931
834461
9870056
5524572
5929448
1533746
2790315
87988
2685448
4771089
2148600
1382999
7647747
8192950
1626392
2274114
7904204
67031
9545306
5142326
18488
9355398
845220
3258142
1386876
3270022
2629431
1283505
3386917
1610899
331017
3542343
9748884
2252784
1708251
1311872
7384202
1882180
1573433
2224051
1690519
5928971
9785563
645009
6961079
4899781
1575341
1828715
1253323
2344849
3752817
5805422
2658222
310837
1440636
7352402
2122504
9627126
6319398
6350611
1864463
1665758
1802259
2594698
3603707
141014
2702984
1981010
3961248
6465315
7294429
1948140
1149895
1529634
1435848
1879066
1299127
6814352
9835363
1609079
3101328
1256142
3306636
2683357
2715965
1285542
2199616
1588988
9890849
8552485
5907362
9447006
4301196
5166772
8376056
1480250
9690891
6751628
2542657
5653017
1875921
1482505
2668210
8464915
1237782
3446047
1243023
6447101
1786093
738516
2541439
2529825
1704816
3643152
1453386
1879928
9674858
3633091
3800784
1177031
1837978
2512251
1164209
4817781
3812559
14929
278888
4571745
8920486
561344
2655915
4595359
6627846
2172085
5109387
3154649
1389622
2814066
1695222
2347585
2123642
1454104
1594879
3372375
1636572
3932470
3960908
2379366
7520230
531255
1674651
1826021
5984559
3665821
7142427
2410842
9814005
2568275
3433006
2183763
3186134
2512881
367042
8781068
1682913
6444384
1724415
6651393
4751255
1162306
4454312
1355820
2229186
683118
5292472
5620677
1884333
9649070
4894745
1118599
2377176
2452523
3867620
3653711
1184711
3505164
8709769
3297057
2127161
2740175
5436978
1472192
1112183
8282603
2851648
5885833
547334
4655400
1138459
7404400
2647815
3399287
9197787
3633185
4214021
266866
3606791
155492
1367572
1923971
261473
386375
5787809
4564610
8184246
5484280
2365516
791003
1422733
290580
1984249
3161109
1572783
1890864
5173674
760118
1477761
173488
4227089
7474657
1499433
1179872
591426
2917972
3573651
3396393
2878216
6393974
2279620
8113414
1186324
588897
1728061
271049
6647496
2774712
1328747
1379089
1827203
1509486
384536
7786797
1621459
2293228
2577860
1341568
4315713
1303490
2468039
4803613
2699151
1542994
1764016
4545731
1401516
177222
1603755
6556729
387696
368892
1290997
6497720
1999141
4332597
135707
140681
990225
8993553
868912
7324600
2151420
5598912
2132534
2635043
2562439
1127013
7978994
1679033
5692778
4905714
122765
3760495
7236132
2695828
542351
2509966
1720264
1789016
2310807
7607907
364049
1929428
379743
3752367
1458342
5211604
2218652
1295492
9180107
5641117
1826130
5445375
2720064
6234100
7774765
2585827
286595
4894379
5705986
4473212
1541378
1683423
2334251
1758085
495295
2825113
3846384
1934973
2393430
745043
3718767
1286566
2633763
270504
3675980
1474884
2271350
1437792
1825734
1265440
394403
3959875
2554925
7469942
1204285
1517194
160219
1345499
4304380
1566795
8549995
1165313
1120540
1989408
1778490
1452530
6510132
275355
1946670
1804462
5707645
8459161
19073
1740771
1982831
142559
5834608
4261871
2457251
8692960
6971034
1405681
7358030
3427914
1708244
2749974
1471493
7809935
1139384
2272051
155720
8874282
8467516
2896775
6162155
1361875
9351238
5317396
1323335
6282886
7935240
1582818
1667465
3978717
2992956
6997824
7459141
7174781
1379086
1887912
1657242
3698721
1900786
2923243
1236424
2915753
1977180
1786231
1284797
1443595
2647615
1909391
1872372
4182711
5291073
3659897
1200127
1884117
5255035
9436753
1332429
7981218
1522242
2197902
1986114
4804845
5773450
4989631
3976760
586670
8902873
624989
5517415
1754871
526381
2645847
8235667
1260566
825436
126157
4918822
5664992
1917185
821991
4323054
1109573
9619756
1489928
5785107
3233046
2882658
2988628
2124526
2863867
4402457
197455
1894792
4236105
5484725
4260438
3407925
1736310
8113102
2162338
1893554
2769516
1484561
2556652
2364715
1430085
7329623
7508481
1551945
1649363
1574179
1284855
4648237
1731444
676766
3419173
2196581
422033
2844707
257416
8605603
2166255
1810805
5241773
1629008
1981061
3467514
1247715
2595056
1634661
4754512
1889082
1435109
8977520
1106082
1866442
1133187
5842229
1167386
5694543
3100458
1966500
4620236
155088
6948906
1561194
1625215
1602272
2799610
284600
3146953
3590837
260010
5970489
4547283
1735556
7252214
815931
9996700
4229755
1249990
7590230
1135381
9869193
1452141
3805400
8292940
5363714
2780897
4674144
3163875
2912822
4246763
1556656
1304933
2938056
1165470
1778201
8148248
6980780
261106
1973878
3767622
4778698
2602865
2118740
1578379
6475829
7909604
457471
397285
4948183
1453417
6744765
4386351
7570458
2967139
6126544
2123746
5833161
7188535
4102944
5494361
5466497
5893154
7665524
4253451
1386196
4960769
3853657
1550004
1856466
2170694
5545723
2130607
5684992
920363
3673738
1404815
5636501
8779313
752114
7203332
1453720
1834915
1928999
2888068
7573835
1352654
1125941
2728073
2845011
4990238
4464333
6318147
1414543
1925371
5980857
4125170
4472167
2767543
2138543
3248154
9116293
1660789
7602695
1169137
3893240
2885929
3790819
1522318
1822862
116879
6222846
1920956
6132370
1610036
8184500
6242052
2895519
254050
6131026
2916268
8947484
2169221
685429
5721252
8412776
1110095
4681056
165785
4907592
7193368
3854867
1909316
1434327
727903
1968134
158766
4120097
1510379
1709362
1116408
4917644
4469393
2598501
1829020
1564905
1200489
1106406
7206496
7239566
1326631
6326381
4963224
6762811
5763756
1247502
6573221
7105682
3244973
3520981
1385682
9823236
1210278
795396
1902478
3425801
8183529
1808565
9893769
3701926
1455108
1748640
2916818
6984396
3278396
1285750
118904
5414512
262352
4721508
2978485
2580437
4102585
1367728
7970319
1168633
3609913
3422651
1734458
4283800
1863037
2967703
5227190
1957997
1128849
183377
2936675
2537465
1167886
5706057
2117349
641449
5550535
1487347
3729047
2117807
1343200
3213984
7306088
7472046
3567359
4243631
1491847
5794931
1158967
1218181
159824
1183591
284852
1581635
1100494
2348698
1366851
4984263
4991776
8383474
7105996
4497442
9558510
1821867
5944093
1751629
9752797
899922
2730303
3419633
2136948
2975663
694325
2481052
3224739
2280669
5505812
134820
2455013
1263814
1237061
9180326
2918703
3369895
6532439
1592230
9289611
1651018
5839555
1427929
4679861
2636733
35670
7183038
4934151
5236617
1604989
9561381
5805097
4716165
9910712
647257
1156235
4813977
3780940
5453169
4576688
3264590
1548310
1821309
8549675
755428
4353235
4440540
622526
2514456
1201019
1765702
5540733
2198033
3649683
1155040
1295473
5999944
1421786
2117094
1977875
1948969
1292101
1145876
753369
5849519
4218601
7155538
157733
1793716
173317
1268298
1877116
1976073
1781245
8843479
4170533
1374337
3952209
1508159
155419
7999669
5953002
7455190
2543713
1421116
2522751
2198080
7813797
1133801
5173171
2315558
371676
2686864
1121825
6212556
1868755
6682380
2311134
2622162
1854196
6326056
1205062
3386435
4455090
6789726
1450324
542002
2252471
6385142
8510517
1399419
2608582
6822630
4695187
9961998
4733200
9175979
1734020
7223795
250060
1101484
3170110
4642236
1994284
1923475
4901872
6851135
6346526
1531159
1186518
1745454
2893495
9723383
3224563
2813303
1520195
4167563
2890517
9887442
8191918
383479
2308941
4969296
2113066
1406215
3399847
4463175
2929061
3236508
2273745
8840619
774410
2475110
1405685
3892066
3835313
1894703
8942822
1431326
3318249
3525678
1712526
7194456
5821637
470627
1430919
3561485
2388211
1124124
3663087
2870324
9473142
5746249
2887886
8760328
2418326
2471697
1297073
739956
148562
1256904
2164104
1221415
1184730
5960564
2854241
2981360
9620136
5842018
1688485
4792976
8777538
2991384
411318
1564480
2123093
4448423
2866690
4424122
1323247
3458261
1334596
6552993
4928194
5750998
3683916
9969003
1668486
6501441
3995905
2835140
2212340
8859963
4554229
2722903
9872196
1221614
1341142
2108595
4386995
1304491
1430435
1132689
7536250
7534509
3412367
2343832
1232214
1862309
230221
2439910
5897880
6842950
5296269
4218862
1582031
1503394
3559586
2243680
326105
1302515
4893741
1164152
7953951
1564172
153962
6756142
1303164
4511700
5215647
19512
3977428
199759
424041
9394453
192394
4982120
1295393
1974997
2493413
1422156
3641691
5595279
2584691
2727835
2617736
2768258
2708152
710284
3944973
2678884
1362221
9856555
1583582
7400809
3206538
189057
1715010
5545228
4793104
2100934
1645313
1756118
8701675
2376194
4765377
29625
1713312
8753258
4387137
2299391
4638421
2300653
4985509
6980626
1381335
1326461
5292257
3179789
7991199
1253608
6934314
4590219
584938
3398185
5839033
2473741
4525084
3636482
1391339
3233712
3320108
1971613
1217450
6885767
8568226
9821598
551366
2741015
7880272
2286589
1463222
8524536
3337825
1799342
1825281
8879411
2269058
1720195
3753686
5119075
2218556
1786835
972120
3109747
3580371
2658742
3859730
3285345
241891
137545
1290206
2884702
128883
3138468
1409696
6844302
9204092
3697449
8890578
8441499
2234679
3361179
2247713
6125516
1505408
9522506
3917053
498364
2144501
1999519
923751
3885068
8403320
2773950
3577421
2211631
1753161
5989175
1269731
7353719
3613848
6360650
257225
4803193
4265578
135498
4656499
1676953
2328147
1742659
158408
1486991
3835379
1461978
3148448
1231190
4212669
3462248
148989
1316836
2750964
6945893
4541007
7440885
5898960
2270696
3655200
5519539
4427226
5153456
1791589
1492718
2330359
5932479
1194623
1301628
139319
2579774
8114215
6557784
1873108
434310
2575581
7348273
1601295
4884413
6169458
6440512
5522295
1175002
2313761
535663
2645407
2782245
9555418
7792343
4583474
5562863
5614545
1174166
5888398
4207898
6295847
3839357
244059
1270421
2145786
1418138
1538146
8896486
1252554
5256735
5960251
4380527
2668647
4848249
7758511
1151465
185906
2650748
1439320
9908753
8384666
7202933
3297131
3421934
891332
1265844
6906547
6117716
2426081
257590
264751
7959701
337414
1875092
4719386
3625780
4557956
1910525
7303180
1640877
6798666
1885060
6674063
377376
6347847
1977336
8247312
1640331
4656791
2553138
245229
2295309
4608852
4469771
1338704
8561004
1650442
1116971
3715627
8145419
1678600
2388164
275523
4489567
140289
3894695
157210
1642021
2166363
2104147
4166892
5816819
8858797
4583318
5598433
5437793
7665560
8565025
1392299
4831544
4529561
140325
3743220
5863754
5511889
1413072
2171512
1322890
4696339
1959494
1102096
6838020
4743345
7591411
2504414
4773763
9274882
1280812
2749509
1664590
5512426
4494757
6283281
1717096
8831277
4453222
1379829
9549750
2186220
2677282
5717095
5604688
1779697
5444584
8696247
1519607
1240956
1910529
5431935
3401449
325373
3525222
150823
4313184
5709124
1414834
3856640
3744973
1142192
1325012
4463600
6211372
5271946
5878791
8411776
4615488
1271221
5802128
4461518
1677701
3939286
2168779
8834553
1658133
7896443
1363959
1696967
5467667
4788522
2997446
168705
7716235
1808123
2345619
2574490
8230425
1303745
4250608
1521895
5786501
1387976
2157458
6684288
236527
1857093
1194792
8324852
171289
6479311
2491925
1282827
1587034
3559367
4745453
2133943
2904309
1921061
1189462
5381013
3365982
1443278
7281284
5262302
5552472
1895833
1426342
2668181
9750958
1226565
1529715
395633
4533757
9154034
7876934
5973212
280833
1347400
1286486
7789517
4309647
3234690
7326932
8750739
3972037
1395001
1981386
1366357
1369274
6910845
5373089
6876396
1697
5377162
1234460
7559495
1589304
8259679
3671430
1434573
4576834
3550993
1524244
145887
5329101
3923867
2415191
6843176
1185237
1152228
4936375
7398307
1259775
7653180
5164838
5370501
1586349
7705650
6492188
1694288
5475171
1674309
28641
6361220
7426416
4364586
1892671
2322439
4132294
7903834
6940023
1874191
46125
3523465
2810512
1339597
145714
1553095
2279927
2500164
1163533
8760513
8872103
1185676
3909036
1638884
9969667
189867
4215285
345911
4732893
8123992
8312428
2600793
9943738
7465702
2650589
1128499
6462862
4948256
4957502
2249512
3826574
1743434
1291603
4662190
1877209
8635493
2635885
3308544
2616273
698224
4676132
3333139
1617914
2132683
7416345
5786057
291625
6552663
1793836
1705179
1969428
8178826
8460495
7627790
2873146
2344561
2654706
1475085
8445468
1704999
242817
7820246
5828215
7178289
4717071
6461929
1757675
545218
2121265
5949841
1306606
1677717
1983646
7894336
1799953
4682006
4423655
8535152
1263030
1436834
4691180
2541510
3760968
4326139
7274035
3648946
2618531
4623311
1579508
5641071
356914
2766700
220559
2671860
1724335
21530
2196057
1364753
3167315
1870270
1522808
2274451
6158866
4917727
1103748
4562537
6645679
5829619
1736229
9649501
4795944
6105097
2518242
2556146
1771733
2925397
472857
1755868
2164081
127692
3323456
2688999
382768
4294178
1224468
1323086
7277625
1516478
3453867
261373
6390995
3608911
5628354
3271203
8787765
9968008
2338082
2759600
3910756
513878
517473
9675014
1505610
1221634
9510916
3450909
2676400
4375788
38538
1778281
3555269
6463551
1457807
1165717
2575956
6125861
2658561
7955532
1587594
1399524
170343
5190268
1880298
4973921
8144940
5495621
2621737
3864191
116864
8275934
4468405
3178046
7222277
442551
255035
1510582
5220623
2315852
1926635
1328411
1522981
1828561
6262314
2932518
7994362
1126511
164164
7922098
5948664
6219343
1555448
4759217
3413856
4555723
6979138
2861694
5850124
6614265
1691583
1917302
9383022
2112522
3858909
6199152
2630605
2389605
1323824
5204763
7412905
7458656
2619404
2203786
4619440
498323
3758376
1537611
260788
3518168
389893
1501149
1715178
1549331
9244115
226324
3978302
6808198
2291561
2394688
8895429
1439212
1694017
1451306
3336680
9418842
1169210
2322577
4615888
3523763
9557514
4588597
2306431
6870270
1201315
2400201
6998793
4961425
2107432
2922098
541626
3345247
5452018
3664659
3833040
2192514
2148899
575589
4965379
1257376
1952600
2434871
1106933
1687721
8712118
3256930
3169943
6281621
271181
8595535
1146865
4170876
110685
3447875
2990900
2858047
4308540
4418397
1409001
1980970
123599
6295807
9787659
5678347
3185227
7929300
5669908
5820954
2540053
3233914
5649293
1985693
2378770
4972656
6284912
3583498
9388503
3320378
2617824
2171341
1164119
5243136
121532
5725002
1544615
2396028
7479730
3104070
8929345
3881550
1785840
3745176
1819818
2472798
132290
3176360
1616026
1920154
4372301
1967615
1208305
7892419
9634327
1496894
6850387
2735108
1966318
8618813
3101328
7386817
3935177
1283062
232157
2426296
5108
9464546
1585480
1164133
3655780
6150141
1818732
1434326
2308598
4834187
2983763
1585783
3101150
1779926
1486058
2540513
3590099
3534072
2783009
1573564
2321466
3231615
1333405
9995746
1448018
1187184
2833093
9809008
962270
8825438
2186406
6255985
3892899
6878135
4806020
1902861
3370205
3130953
1405296
9316011
8691157
9131622
5172037
9322680
5299791
8862276
1503665
212026
4369594
1642607
3763330
3269519
6736013
4193587
357859
3221105
7120513
8684958
7398274
6751535
1726327
1375928
1529461
6710872
6316590
2260762
2914190
3359082
7171736
2921939
5858558
2841409
6997043
2797889
9799710
1395776
1611714
1953904
4569740
2918105
6235347
837643
3469948
2124169
1517119
2183677
1127513
3101107
112828
6883312
299519
155242
1907132
1102964
8294190
6416784
2586126
2971189
7498623
3600097
751649
1479261
1965286
5617183
6678588
1859003
3778463
430190
2251364
1434073
3636372
3570304
4486050
2288825
6611905
8683801
2366188
3817851
1130144
1959776
6410508
6346021
4644540
1327466
4996842
4700412
264158
2249778
1887310
114038
1167463
141119
5997944
4513669
3130472
1829629
3164761
4938007
4945783
3441496
4344552
1588449
5762433
2373179
9745745
2127367
6497212
1683683
3438981
1778926
3421119
1817069
21999
378818
2655139
1813047
2548929
5542128
1617841
1262434
8401788
8179999
8703810
3991092
8985792
4723389
2889816
2427514
1522084
1470354
2750748
1594441
2746168
1266905
4651698
2141637
3868962
6673565
2790072
2560528
1326716
2830105
2370052
2158570
1728281
1637379
937299
1627878
1848267
2812734
2547888
1906651
1953280
4142404
457478
4528436
2789292
4458596
1733607
4856396
2828981
1907071
2340837
3128210
9829948
85947
2789114
1875250
4551201
9303971
8732930
7697531
1665818
3606116
1418211
4748526
7712582
4873811
1783915
1220712
1586802
1477084
2294699
4170434
5524268
2854683
1226372
5763199
2608358
1564591
4801018
1819968
3826958
1800157
6153192
140939
3719284
250199
1346869
8860791
2643851
2208773
5577029
1569523
2327579
1773598
3476876
2389664
2577797
6598631
289831
1616971
4631020
1552531
9717613
177811
627662
9480505
4776676
3145765
5521174
6869856
4596034
3783661
5445940
2265135
1683635
2710974
2828744
6209910
1112458
1291244
6990746
1655786
3378258
2629916
1245305
4932561
5410289
6435686
1590480
7532333
134244
7655538
1179319
2230614
3437144
1954449
5299038
3433169
9510728
3794242
2277421
3410698
1293144
553699
7220274
7751866
5878004
157522
3556204
2724398
912041
1775682
1149840
2463216
3709903
1901770
173840
9413267
2225571
3410271
9718286
1771527
1855542
6206130
2784500
4203659
1697748
5311397
3761344
2900840
2336959
1468711
7512370
2847305
3165156
7410775
2745949
7636163
7738921
9125063
837954
2702781
1940941
1465627
1158100
2135967
1954749
2563997
4710129
9478672
7146432
3299583
4675209
2679222
3578691
747463
1544219
279311
3328356
1796484
2339510
1564371
1470792
4738174
5994488
1413894
4638505
2769214
1494334
4800777
7578801
2582302
7970951
1817031
1938040
2201434
3619074
6152786
1385941
7671249
4981080
191524
2451144
1318321
8773088
463589
1768055
3620196
2854395
5552761
12884
2626738
1779079
1657817
1596812
3899421
7505335
2470669
1453253
2535879
2649501
1164878
4644326
2812575
2271562
9519461
4481072
1633325
6588643
569190
1193679
1385512
1922973
2863183
5955238
4166821
5693129
5959790
3179054
8954629
898907
8957515
1315264
2901112
3901155
5124682
3178988
9128542
9892155
9458278
7676506
3771005
3493708
2630259
8314877
4561328
1827164
138759
8857440
2131640
4959287
2334288
2463813
1326222
1285108
5674045
2156001
1748803
156079
1797085
546651
1731445
1648123
4912875
8304002
8506722
2816093
1904956
2649639
2977469
1957912
5721783
3158706
2921032
4135572
6464488
2668615
1464716
1625695
1856595
763461
5600674
4963152
2789026
39854
1237001
2860110
1536224
530632
1614438
1551471
1323574
1430185
8221381
121968
6880979
1568148
1277502
5675649
7850588
2602545
4855731
1275991
1937676
997428
1425113
1621288
1290887
6477738
3657124
1192690
5290719
3207724
4227189
1646576
314149
3972373
1656065
2241869
3592606
743505
1517538
3327815
7802181
2113926
1676164
2419176
5334340
1175607
150155
1912174
8116577
2476123
6922137
4927322
524184
4199368
4633765
182955
3136599
62377
6410831
1309502
5711336
7276010
2623451
2782614
151362
115681
1317009
5596777
1110267
1357516
410593
1744436
8227489
1732113
5699225
8653747
1110418
18685
8743732
4503971
1883636
2290345
4942984
2738783
1855370
2500922
6162939
5405362
1787649
4791743
998746
1378048
3770983
143057
3340417
4382384
1736497
1247317
9580513
4433961
4542375
4712179
8450630
1401354
1906416
524034
280730
4359510
197879
8964927
3281727
3788845
9517685
710343
6361614
161903
5660757
3322047
6847574
1904748
6313843
1875603
2920346
2165624
1606365
6635143
2566878
2862788
5408540
5378467
4115399
4331512
8744813
1607657
8835607
7565534
5218980
1393683
1799911
572614
1321046
1378193
1273962
1843087
2870833
2844126
1944219
3517053
2126170
1180831
1800216
651206
768615
5419339
4449712
1535470
7797510
1539632
1264571
1709783
3421159
2577413
1320939
1692351
1167300
6516292
1396639
1785773
2158318
1850882
6686474
1610734
4641755
1869193
5835518
2836029
138888
3568742
2859078
4697479
267219
4590860
6493331
5871401
4710141
8452201
1321802
1401473
2423092
1951547
3285803
9538684
8706488
9256836
6182339
5931881
758635
1283270
3174084
1671409
8390918
3735687
4326798
1233444
2764306
1793329
1743791
8844652
5424165
2734167
3563063
8778807
8297133
9727258
6353302
8423334
1530700
196695
1321551
3243302
3475322
1598773
7283412
6914598
8368207
2856565
1233587
1292979
2638971
2461971
6714207
7194853
3835248
6955282
1430377
2982069
1223368
5341244
264705
1607476
2318775
4655366
4406648
9331940
367318
6618541
3866133
3739260
2297885
6398067
1371739
1146350
3350415
1845814
3546386
185187
1343417
4637241
9583610
3375605
4414938
9676276
6122735
7311783
2696303
8308294
1444554
9536983
4386695
5630391
9918643
1817693
2219197
1149301
1517339
2989355
6255250
5947003
8682109
8204873
650961
3448901
6206208
4813569
4348682
3847605
4550247
2271789
5921932
3155341
6184199
9109731
4443567
6130110
258300
1923277
5246939
1488226
2554089
1638723
1768274
1218491
9924695
3173759
329959
6884709
6411528
1463028
3536620
5504609
842780
2483439
7881128
2922418
3234994
8755029
1654122
144572
1254071
3152124
7616158
1173499
2538913
8532029
5288917
4284276
5752634
1929083
2515420
1945282
1823085
6152215
3669711
1163694
2494593
885764
2412209
2378750
9145265
1874717
2417204
1593235
1697316
2576911
6431892
1240821
4888204
183050
1744868
5298205
1946038
6650744
1580177
3601086
2715162
18486
2658149
2320468
6259724
1906060
1237041
6364483
2469230
3755015
593199
8350160
2844527
1449259
5376932
1209011
9838244
2962383
1860341
8177969
243762
1147807
7245542
562624
5319364
6223457
1131872
1321150
2187031
1301176
793184
1919635
3290943
4169725
1288160
297687
3975160
1254942
7572153
2952862
5421362
6339082
468156
3101990
1342700
1702433
215903
3131963
1513939
2612082
2307361
1537533
253002
6824485
1799811
2428531
9892883
435408
1323665
6896834
1466685
1630506
1799588
1405028
1277115
4868986
2705343
9483874
3659940
2133475
1540865
2860570
8905838
18792
3216175
2989103
5848651
5440385
4644614
1380372
1137233
4113029
1538508
2550840
99312
1728733
5903762
1772347
4669402
1462987
2928573
7399084
4214001
4161595
2979536
8882402
5598018
5585941
3619786
3878259
2615756
1261399
1550772
3840481
294383
3311012
4598303
2462877
9513730
4784506
6767720
2291989
1125606
1231867
1614480
2463986
9439444
2913441
5782664
2805472
5273021
9186346
1820802
8203243
4191284
6361528
370075
5460169
1574419
2655301
2434758
7161357
1891087
541908
3315599
2116466
1410441
195690
1349810
1175844
9519398
1106855
4343840
785119
7314168
1473372
1357313
7614803
7393610
8161976
1631720
3553069
3772247
3112220
7910265
4762753
6474270
5854130
2236713
2972847
5383065
1754193
2140541
1201772
2303271
1810343
1189978
3844633
1460612
3734161
6494973
923633
5955122
4622983
2768268
2780523
8704344
4837587
3391073
2345967
2756168
1790968
13389
6806474
1437028
1328809
6994945
7880780
1416852
9134708
3273237
9133204
5282476
7496507
2656294
1851892
4960007
2389930
4222956
1990765
354750
9407812
4565329
6826321
137757
1901539
7894077
1846771
9632755
3997975
1540951
198732
4475661
8874233
2624636
2198989
3297109
4331913
3291454
3345263
1429611
155336
9293805
3833441
5821557
