1578767
9252579
5999215
3943045
1861280
8666673
3603363
177892
3611972
1163586
2440929
8903232
8426052
1270070
6102656
9692732
9681661
7375659
6814341
219690
3143970
1478714
1656270
164373
5657944
181310
1290627
1437036
1935548
2380597
2734430
2537980
3553210
3257788
2222795
3369551
431567
1463317
1601467
2283529
2192995
950471
3896040
2982362
1612918
9492456
1178653
9595862
2830079
1286387
4337267
1712471
263787
2345398
5826620
1143276
2459148
1927838
131897
3112265
2304607
1732749
1559024
9259737
931617
2322886
7263903
1826398
889820
4242698
7716087
6653426
7381037
1690254
9503798
1112494
2153459
2244973
1509947
6552974
2378286
6349464
7266951
4827412
9798586
4795780
2654057
254417
1216673
1912824
71217
2554564
1541491
2163702
955895
1504032
8664458
1506043
5215950
9105249
1328362
4360713
7136517
2886495
1949511
4139101
2711626
7624995
419911
1475120
1499072
4318540
1982643
6385570
5831839
4397640
3213691
114110
1264796
142357
5293000
4249106
5632547
1837321
3700093
2260747
2145569
3360754
7635797
2689932
9128828
1545168
131559
6203051
2366153
1368831
1335152
3998020
2111490
1664349
26541
2453980
8718450
6166447
1329338
453036
1740093
3942368
1837404
1406985
3416401
8802721
1205363
2918722
1197527
4312097
2538401
2306461
5305449
7219860
1129660
185184
2252693
1194134
6623145
1383885
1164024
1777115
2551085
6791731
1718397
3255282
1974932
7998212
4516530
3354213
8250520
5260154
3415526
1954136
1908873
9778936
9550398
1321930
3620316
7924729
7367
4415908
4785134
6753267
2746208
5498192
1480169
1408820
1286881
1209866
1215346
1201639
1165793
1747373
1471309
1625265
190245
2298955
8773897
1468425
7916485
2868531
161117
2886707
2809794
2947096
9995667
3493559
8865937
1137441
4274721
49934
4295554
1849312
2787226
176838
1476122
1847347
1417127
1484033
1339970
2860044
5430185
73130
1531408
5912968
2637309
1471535
6474888
2450581
5116603
1342098
1375570
3820380
2583505
2380784
7728339
4415699
1340011
158446
8442856
2776430
6792724
4304562
9470508
6829474
3244583
9945794
4485664
1739574
4105855
3716523
3936775
4278118
2490807
4871897
6572695
5459787
3497831
3227997
1642333
1918786
7474286
2379492
4981463
1377150
2409781
3490089
9986283
2924090
2100168
2734923
4217786
4590965
1710582
7167359
7439891
5527660
1195421
2435192
6229957
11144
244970
255546
4831816
1384975
4236996
3464206
560518
9944063
396230
4412946
4793145
4178582
5951731
2377821
4923677
3865588
1792885
1744213
3646044
5370050
6227197
6789337
6354721
1596600
1845801
2597954
8380654
8951191
5305382
2943294
2838316
1463964
7279994
2401477
18965
8219949
3676665
1790496
3249497
8690489
1477588
3131428
5690374
3361405
6572984
237358
1278803
5799959
5420273
9852970
1951194
1788192
3962829
325666
2297741
8275749
3701612
1126694
3881921
6835456
1268343
1810968
1338858
3474261
1941661
3597232
5660410
548018
4907832
2422068
5109704
1476729
188754
1471820
2649870
7258790
7432548
9768732
1415655
1541397
4873830
1607206
1255829
8378539
1466342
1216882
1129794
5203056
8922722
6894692
9309991
3716272
7376991
2660377
1808048
2203293
8749770
4994606
3704944
1980057
6584515
2722741
4270922
5874710
5512153
122847
4399145
1532127
8624353
1830716
4446157
2682703
8355215
1424170
1881108
1716492
5935080
3834
4916182
1964054
6842996
8642806
2405423
3571917
2751821
3460318
3576525
4594001
186736
3206594
1762657
6714181
5938251
8751887
5458943
215598
6295156
1705880
2201042
1913821
635683
5520437
4980352
8421816
1225209
9324397
6819164
8814871
1667312
4971962
283462
9797464
1309018
1839463
4601674
3926369
2449422
5828269
580019
4758476
8656281
3583614
5733593
1363913
1918059
8436484
343504
3112618
1788639
1758922
1767461
1512892
4986557
3559667
8437212
2963259
281829
4495839
58444
6651472
6587155
2789212
3509615
1472032
4314467
7952115
7758318
3359001
228193
1942812
2993245
791244
212611
5635694
2346002
2538299
4376341
3147158
4221787
5887376
3492378
2273593
322618
1889326
3272942
6140353
3218310
3821653
2198133
8243777
252267
1148613
9798684
452203
5140429
2717662
1448858
1892745
4849823
1248637
3891273
5209847
3471613
5166885
9789430
3611098
5487738
1586832
1241277
2568004
1375364
1244324
272718
2861362
8538861
275291
7694022
171251
5920914
2278419
9953033
1770572
8703301
1852901
3384418
224525
1430663
890634
3236524
1957373
3899875
1597981
3898970
714295
6461988
5975339
5125758
1214553
177633
8978267
193157
1804231
9811347
1693729
4670968
1846520
7435253
9693393
2802125
1609171
1868823
2852919
1241248
4184270
6578033
3412184
193243
2704978
1896852
1348809
268157
7490302
6248323
1387926
3691276
4156280
8484020
1870830
7431669
1761987
6529681
1278107
2498047
3361940
1327292
2562157
346533
3270039
4541232
231541
6904600
5299689
314355
9147283
2476697
821001
3388077
1141689
1871547
291820
1249286
1871401
2501770
2858605
1436390
1686569
2737028
1135823
8856397
1200887
2745510
4309064
2793692
2146121
4157622
2275628
1557509
9334812
443848
6654471
4719795
175817
5419029
9867409
2607892
5269391
4201568
6509532
1614454
2133534
6126504
4502150
3161473
6144812
9843494
5240820
3571496
7423462
7660353
1743139
5397860
1717004
1335125
1847976
2886754
9384281
1750816
4373686
1837653
7468510
1327727
7947932
1198577
9165886
1711080
157044
7554654
1982487
2533563
1390880
146333
2927105
4463109
3426991
3135347
2411400
5692209
2535758
9910385
1239801
2940505
1576815
1160649
7158759
1515814
3206867
1252494
4567967
1881680
5966483
1336153
2311364
861026
2812298
8496353
4158273
7568107
1833245
4963317
1901747
2970619
8830182
6715566
4900111
3844193
1713873
1496542
9679770
2748517
4986960
3182674
3840655
1296894
9634760
4119620
8116790
5392714
4124271
1928408
4447490
9606263
2678445
2302183
9840093
3410417
5955699
266477
4177132
2930407
568902
1276414
9699097
2253813
1340695
1686754
5775181
8194722
599641
1812468
1238733
9938573
954210
7524543
2579811
1360
3644005
5242451
1258388
3781559
6510544
4369619
5398856
1193810
4786169
7819420
2384752
1862269
8649046
1214614
8876548
8681587
219753
1650374
8485320
9793006
1223998
4976743
1485523
2170946
2829962
5629746
227264
1418623
3632157
2556792
3285228
5937320
2152873
9899425
1773228
1791720
2211202
5122518
1130198
1996301
9453566
1838726
5776313
1830607
9159703
1745315
1886099
1728806
1938893
251788
5185085
4713247
9500410
6300311
5220410
8290230
5480255
1403065
6627247
3853897
2196901
1144857
1161386
5188556
457878
3111145
4376351
1422609
1581226
1358304
3469685
3976018
762234
434431
2734476
5399797
4514593
2228294
4969055
1243137
1248638
1490590
6811972
2411281
6778747
2535361
2795555
9377838
5451550
237625
313227
3985405
345940
692483
4122528
1139796
8113105
3580388
6846137
1397386
1412773
3143027
7801684
6494439
75133
1885405
148422
6909197
2531564
3449915
3972671
3651500
2279974
5965842
1151435
2278025
6155316
2796107
1298507
6822037
5687626
1217393
8295138
9359617
2974003
1163619
3992987
2524506
2690280
1220477
7993800
7626920
2752897
2400797
4391028
5984831
7855713
6693654
6312733
2531943
2464545
1738638
2807837
1650466
1161941
4167447
1677276
8183284
5699531
1777622
5539515
2655453
328426
3409118
4151959
2827793
6311695
6247778
1939935
1492143
1673959
3776883
8831418
2663975
7137768
2223600
7966827
1368206
5444985
6286787
9284379
1537479
1758318
6713825
5807349
4752543
2424710
7919502
3774431
2588958
1999607
4140026
2970430
8743697
122439
1162813
1935941
35391
1430580
2208690
175458
6153833
4551477
3496508
1549382
3223894
4996597
2163825
3850492
9102461
1150841
3384950
7443161
2289522
5349234
3708492
3110968
1564195
5527016
247394
4873140
1300051
1692804
2361275
6367548
7746936
2476295
158331
2770155
1810248
9999846
1184401
1793926
7210379
1641532
1118786
2792035
112142
563197
3521676
3256950
1647340
9297616
7519123
8391021
6190661
1570561
5911501
5807438
6655502
2963012
3728725
1815441
4558576
2590294
9286866
349231
3345579
8137447
1139881
1369323
177005
1715600
2382567
1716640
1628584
6519976
1259483
1347853
7249224
1463764
8956173
2659910
1870526
2810647
2714038
4501871
1873352
1444460
1722384
1954934
1724333
6324393
2458540
840445
3227946
5858800
8708025
841274
1722701
2729612
1210545
4809727
1329237
3218457
672364
1529656
1717856
2242967
1336536
5564448
6397121
1347024
1765183
5940677
7425885
9772526
2202451
1219209
249757
5165799
1298647
4635492
7832440
7667772
2830488
3439539
3987060
1626241
1264760
1886140
6786908
2138066
5979334
1868855
445811
5486793
1499434
2889000
1300930
7904654
1150447
3936534
1984037
6908163
1560966
2354723
3870597
2471756
5210488
2372712
2400340
1165192
3442049
1978738
1163001
1890755
2153955
1333973
2476693
2212137
8354774
2308538
1564138
1437730
8618141
2586162
5501005
9319813
7930827
1984938
1679658
8150080
3562322
4866643
2990605
2488301
524231
395113
5516678
2921348
3654518
5941640
1378273
2858650
1938732
247868
1567604
1904482
2491285
4105562
2595761
297575
1250606
879655
1990955
1257778
1541655
6525812
1878347
3459598
1964501
3723163
5791444
1214933
361749
5733965
7244219
2616326
3687924
7319852
3622726
2982486
1197403
4909806
1826498
1665337
57981
2192757
7162057
6927626
2878840
316836
8862308
1571025
7637106
1949510
8146482
3635772
9320001
155354
2202765
3262549
4163796
7184141
1286804
1368106
3935509
2907798
7456420
1264565
8313325
1476452
238393
6904281
5402132
2673976
9432684
5628903
2512245
584416
1525086
2478161
2203754
5522745
1506366
3451516
394886
1619351
5611534
7847520
6791200
2548267
5952924
2778035
8561664
3195853
7199576
12880
5366945
156247
6125584
7835179
1143589
4507866
6328643
4718753
1458920
1895464
9524409
327659
981864
1272048
8852932
3847527
9263960
2157731
7592906
241789
2389146
2869003
1537460
14332
3521982
2254891
2661645
9158448
2614140
1243144
344471
5260131
1969866
4455980
7293196
5195442
4474094
1258386
1572839
3748160
8424374
5255740
3614028
1310975
6675607
1277645
1323474
2519838
7891152
1109252
6177711
1793279
2715306
1988851
2588241
9748870
2691418
3740222
3113549
1402984
6594567
1661763
1442110
1930735
4714383
8101636
6634710
3272908
1957127
1850951
2368091
6209083
832192
1149578
2327903
3870688
2881395
6473911
2212958
2500223
8517973
3952173
1317479
1480843
3505831
3231852
567931
1796439
3680263
2930836
2708382
6805965
496328
962579
2272306
21438
2161128
1507090
5173783
3934347
3926438
2417434
8521005
9226617
1913612
117991
3265331
1111920
5348148
2255342
1259764
1505349
1257880
5830301
4859167
5299226
7245123
8980258
9953349
3255100
1384509
2105998
3288606
5761114
4351119
359727
4841476
1624248
1619016
1122633
8505996
3108391
4982301
1933665
1503906
1926494
1130098
5144211
2514137
1409852
6324506
3213860
2880044
113561
6133026
3980795
2270440
180871
3656619
2200803
2505873
5481011
5949940
6566424
2310450
7828732
962113
1901305
6667403
6335336
4767725
2453223
6427927
2718838
6515453
342998
2219704
1188883
7673783
1967825
9899370
994746
6445291
1565878
4975555
1799295
1265696
8165352
138040
266499
3548467
2584474
1281908
1604259
4322515
5336065
2666208
1927331
3873050
3842881
3143313
4336788
4957761
2614411
1305744
1294964
456179
3223359
9970340
1723601
6920206
2663180
1842322
1578877
3906613
1231128
5557290
7661818
343541
5103257
3293842
7610016
8720237
1760472
2793851
3557997
6623980
5520021
1145836
5487954
1891663
1691359
1975313
4955943
1556253
9640242
1176969
6666003
4526082
5960450
2139266
2293196
2516242
2414863
8298101
5914478
2259182
5134154
9627620
1523921
1856891
9795351
172889
279424
4338161
2526634
7513205
1479823
466289
2455434
4167998
55581
6439299
4661597
1579465
5935519
159690
1268789
1268690
316056
1726699
1368130
2235161
5906714
9298777
8422169
7432884
1742455
7642090
1422921
196324
182321
457283
4433021
1100406
125603
2591266
3638296
2204856
1352779
4382030
2395306
1927193
2603856
1558963
2152177
5641109
9858907
1162739
2714442
1298970
368587
7382669
3261951
1946044
8208590
5426311
2448608
992724
3578207
4877544
251065
6136866
435477
4813120
1923339
2707661
7389311
1447708
1107504
7938017
1304520
3658234
2984329
289671
3224585
1847065
1324249
2210211
1101596
327764
1583215
9119367
2624347
4325997
1568022
3433580
1178520
26559
4523749
9433429
7237685
7729682
562405
1195793
3177862
7100353
7908532
2980550
1475856
2210832
1594399
7339331
9824817
248014
4775174
1349964
4776270
2274776
1457684
1987421
1757662
2394309
1693922
3205900
2877943
1506975
9869068
5476935
3785178
2556981
4556639
2824310
4355196
1826537
8802069
5602225
2214739
4460018
9965649
5394270
2112118
165675
2136719
3431458
1529376
3231580
8424394
4725697
2129352
1455618
4530477
6844883
4337278
186364
1523842
1985613
1136731
2448483
2662736
1185770
4109752
192475
2933985
3619813
296745
2619454
1261899
1736838
6360783
1445624
1196889
1815507
4858210
373152
8401612
1293816
1528349
1465054
577030
2612918
3520229
1691056
6834699
3396710
2662169
9594341
8838279
7514197
2884621
5967815
6134514
174600
1347199
1231236
6917627
1930980
1167869
1655274
4912881
2475067
566943
1832311
2478678
2908227
2249800
5872947
1332084
6957696
1857767
2309454
8288760
2260671
150855
5105524
2968850
4940936
270497
7629672
2242427
1277183
6634463
8274318
4444108
2426990
4634104
5230086
6572304
8484443
1631002
3887596
1473122
3428053
4307051
2729485
490138
1345627
5852632
2470901
9776247
1985689
1226990
1620526
612480
3421955
2868311
5445048
1400557
1622234
5885019
1905037
1368825
312734
5131412
1158579
3497997
9694477
5457322
3657964
9702957
383244
1100701
1693643
1852315
3283519
4157696
1698638
3958739
1579700
23159
3404769
1406067
7141906
2418361
9795639
1692604
9866339
1902155
5665010
23627
4577680
4483137
3745866
1439639
2740979
2998076
1597399
767153
2845467
168703
1779780
1453139
8919255
7313998
1622723
4393926
1878741
5795211
2208550
1479959
1443872
4576560
1588578
1890351
2592925
1367377
4232251
3345061
9104371
1994599
563289
4429285
2579056
1141120
2334142
5150030
5482285
9513647
1207676
1779763
1411448
1848224
2542255
6771445
3932423
7549273
5401525
2528818
1807304
2483749
1694822
2968542
5898536
3264547
4509088
271678
194091
4933164
1474821
3599321
5721344
1302536
1217959
8547924
1228248
1659236
3514440
5374385
1557724
4140105
2207696
3923060
6592890
3129589
1466959
1709497
347541
17092
4265021
1611971
2660840
3595604
1734989
2722568
1646019
1753468
4852127
4700936
1187656
1286433
2555206
1729356
1609404
5489900
9355722
2350866
459287
1115736
1384248
422205
3360273
5529236
2227935
1920142
5408096
1375990
9805276
217933
5242123
3558593
9125150
7444618
5624230
5233562
1582464
2678021
2150934
4100927
7251875
9165707
1838819
3709526
9474928
111412
343894
9357095
1224367
1433951
2395056
79460
2399832
1617834
1223717
1915609
9673091
8107086
2800807
2587319
9557484
5261785
2222847
2435359
2442195
5951826
430257
8694588
2261156
1272821
346497
1725277
3945830
6592250
5648629
7576018
8716328
1742934
9712560
1664669
4476157
3846389
761425
3318548
3709038
1103800
2411121
2779990
5690791
7413683
6471999
7675362
3975777
5319063
9516677
7845919
2670788
1707820
8678481
8290360
1515216
5416326
5304869
5550812
2644528
1302660
2103461
292296
738900
2437263
4550637
5357895
5260368
1302941
6669836
7427882
7254893
3648543
1616933
252925
1595927
4846568
4529337
5970998
3893537
4115331
5387971
1650257
1990451
1953961
2928441
4478477
72571
2551904
3819440
2819521
3671928
1932077
5532839
2411493
5113793
7732055
3243790
6837765
8886439
2972305
1493784
1218735
3607295
8784684
1992231
1349686
9378626
9799986
2999462
9714161
8471800
1451244
4731883
1322328
1968054
1660525
3921866
1156408
4287597
1144631
9758465
2929744
4167198
6401947
9618187
3852690
2729519
4839398
9464340
1577794
6969961
735558
1812141
1731345
6922130
5447206
7311831
4737637
2512836
6790614
2805372
9888896
1626873
5107719
8750102
9867605
7752515
1656479
9901630
133100
3682115
8683810
1933103
3397944
9519207
5637367
6342431
4809763
2401760
1173537
3314179
2950168
5543946
7477381
4748693
6207386
2626794
1195757
2887889
1523100
8277578
2505326
3636683
1303336
7241840
17325
3149015
1993879
4212442
5580243
2788500
8649519
1282992
2232013
3725268
4293337
474143
1965756
27349
1103105
264330
5943302
3317666
2528721
1749168
2134923
2442282
3503073
3753746
4623022
3947436
2530225
8366345
292169
397368
3174330
1830601
5672381
3118241
1651767
1647752
2433973
1661164
2681443
235000
1211759
1825291
3827658
1976879
1843531
1167835
5149716
1167548
2875642
9867535
348799
6331542
4429015
2883362
3288121
28089
4788670
2523451
275952
1949537
2939420
5959845
2626727
5957737
1300153
4103131
7708740
2601991
7707296
4591351
1592443
1563355
1805815
6477393
3933120
6918024
678332
2648960
237027
1451921
3610261
2869872
2466426
430530
2798107
1219681
2199978
2606074
5985320
4366975
5145534
2248258
9317669
5930590
7221747
1646676
1258530
6438909
177709
9293572
4155357
2339625
1228094
1894891
2603271
130512
2983103
4158182
144441
5718341
420470
1992085
5783345
2677619
8789409
1944047
5362244
6593753
9579836
2168387
2732230
9211365
4321895
1923664
1250648
8504932
3298359
9169475
8926155
2584273
1446348
3650763
6849719
7688432
7154388
1202087
2878215
1459732
9220486
5294537
4345260
6977545
2885259
2802783
4619489
1657733
1411399
1370212
2843324
9646895
1482352
8196942
5482439
181950
271135
8523911
1825939
1587076
2909343
19513
5574316
6592100
1358390
1994482
5566707
3675359
478998
6854901
416364
2446860
5663855
7349266
4845565
1553290
2745536
3589645
9361230
3124089
240906
8649917
5865435
1382698
5175697
1266896
1837875
1412827
855883
8558315
5552797
8501245
4331727
6270534
1476471
5959531
3670066
3117027
3453271
4186672
2241336
4178388
1544768
4832151
1912451
4490405
1352716
5764269
1309985
9595292
6587866
2949509
6274475
2908491
2905629
3179937
1993483
1655788
1584170
1945619
3693133
2198264
9138012
5664976
1543752
5445266
4850981
3195488
5933597
1533594
1953524
5181466
6700287
1204660
1264876
2247678
1481012
5135316
1183553
3266641
4371037
191880
6132962
837987
2422122
2130544
6530040
3540946
1508073
7581780
1811159
2747200
8722577
4500231
5583001
3985197
2801857
7935666
1917322
4768459
9185917
1657637
4432665
1584889
3477897
2337259
2108616
143557
4385450
1236178
7611083
4227521
8168650
9240040
3153452
6210155
8673228
7849884
8282280
2787243
2466385
1298326
514995
1272759
4777098
1205948
1347871
5581278
2491356
2838930
2959081
3279161
5488015
1541664
7550564
1845033
1271465
2379052
4756692
3259596
7558027
5184283
5981308
1817933
950353
7948500
3995792
6669156
9552584
1424176
4586314
9516264
6461720
238449
9531143
6325040
1899522
2124620
5344984
2168000
415716
2286492
3995701
288930
7567935
5867589
5733268
4470835
1270774
13173
2286283
730257
1584049
7906263
2959283
2734003
541494
2717311
5976676
4949821
3192011
3227181
2446232
1839836
1779477
5730358
1912447
4510042
8941802
4205357
2428593
4602857
1849537
2393930
3262487
1672890
6767038
1254308
3856807
2596390
2723454
3972448
185422
295380
6217612
7128104
1963324
6944063
7343727
4278649
2322683
498965
2255483
127366
1781306
3433389
4403400
1356981
227030
223889
2217140
743287
1812534
2204978
9770036
4561248
3591531
2666517
5749934
2809849
2211440
1886340
6154346
2352530
6931820
7512608
1424510
2429026
3242568
3715260
9238753
1705120
2312604
2602813
8790850
6935930
4300052
9908546
4574798
2760812
5548944
1758935
445258
1995594
1676258
1288920
1780088
1795321
1480283
1897083
4790392
1654876
1235770
1817904
1131251
9803520
3754368
1620734
6808858
3888910
1971342
4802604
1829999
7914870
1604438
4300716
6201412
19763
2356874
4770253
4679774
2837172
4751312
9851391
3783234
3434156
4758256
2818598
3776122
6825035
1635196
4163221
1700806
7343715
2477725
1366185
1864477
2942654
1936169
1790000
6660551
5746958
9851165
1428337
3160281
3771909
1964994
2231527
1494013
2737529
2853504
4516669
5166887
179580
1169403
2511730
3919290
9800925
1962956
5444230
1665469
3842928
1455
1707380
1523404
532829
363874
6890977
1511823
1810975
197321
9923076
2693817
29189
9921438
2305349
2384195
4220259
7416428
3659305
8683059
1596411
2953651
5543056
1511133
47240
1565287
3651715
3357129
1183423
1939538
857933
9968006
483689
2523932
2927290
7548332
8599815
6614242
4390753
3769458
5310984
1134036
834193
7356422
7974975
1487700
1310621
7218165
8253992
2512165
1134756
1281266
9683520
1295776
3296270
3112955
4516243
6368816
3239983
7651807
3133699
9254704
8868724
2930371
1270663
1257957
5972424
1932488
4315615
7242665
3908183
3428870
3530549
2740427
116266
1706607
1150487
3669720
5275362
8873299
7847626
1663185
171653
1512473
5402960
2429214
2130272
1199370
2747800
1918149
1862708
8382864
8410991
1479740
6562851
8982561
2961152
7277096
138891
6680681
8211085
9399627
1586385
153757
1720560
7791289
1186473
2213294
2304392
554923
5895117
2527417
1627190
188615
5726557
9205352
9904054
8293933
4192905
3781790
361194
1712447
1869875
1323126
1834720
1983140
6307975
3498586
9635572
4101130
8467550
1932652
1639807
5321648
230188
6979580
1623068
4567009
1979919
4561901
1655917
4724322
2889001
4672418
1300463
2572715
5692833
3655286
6330135
1987738
7353870
1299893
2179634
5284788
1223002
5301839
1408377
4430048
228869
1617555
1577755
4506988
2497695
2316514
2694259
9199154
1481245
6675791
1273880
216281
1466584
6331444
5812585
2923091
2934398
1116428
3329946
165344
1624353
5546875
3659249
2382338
1875086
169412
1536445
1117749
2888574
6952004
4333181
4244938
1810328
4198477
2965248
6431029
2987646
8359951
7529336
773191
3302321
1896150
2666541
3371383
1934486
1198687
1986818
2989301
5571293
145021
9687487
328373
3728621
1378739
5590466
7508397
5859197
7413767
1930298
8321716
1600370
4294739
1198014
3866667
6780725
1475048
1863239
6759842
1935197
2515868
2669058
3401100
5235087
2944692
115109
2856716
4844028
278566
4677256
1864944
9397761
2756855
1364067
5322490
958415
1713463
329603
1412532
3307179
150891
2398458
852215
7139287
117778
1830344
3754716
576090
1204521
1834326
5366365
6388471
2526086
210956
2214072
1736924
1863390
7839792
1167917
4766976
1577374
771923
2311357
2232569
363815
1188125
2929697
3616577
4269456
687973
3390047
1776317
1623932
3659786
8534690
3811975
2128550
3753810
2518879
1679912
1896932
2909871
167538
1138695
2725171
3714927
6489504
2162980
3224440
5793183
2158693
326971
8282071
1309333
1293535
6196416
8161665
9333016
6267425
5511815
4626887
4799113
130651
614258
1370068
662797
3622867
2244736
5434949
3770908
3422229
9320328
1249167
2637217
1716574
5269783
3289282
1194602
1573140
7522210
3198890
3674547
9774924
2402029
3496899
4999658
1937053
1360297
7861847
4499297
1934418
6174325
4773445
2233486
8214032
3822484
1853084
2107948
6559560
633944
2743661
1779149
1999078
1768050
5401926
1419631
5549672
7911631
3694329
6117039
6304375
8361939
1757390
1331913
5765137
2466639
1127114
7918931
1434969
438223
6845759
3745665
3434027
144975
1160254
1117604
1549163
6250333
1832524
1762486
6546069
4430661
1677727
5786281
1235664
3578906
1397735
2590911
4752903
1596520
3426864
5327218
2397505
1960007
4704031
3373568
1332745
4161105
1707799
2674385
1631991
2347523
1996055
4249535
2362360
1115469
4995106
2345993
9138713
253656
3748157
2645746
7840615
21701
2221062
352882
4817942
1351905
1216527
341178
29232
1549815
8776677
4545856
8653169
2912564
7195818
8371337
1450120
2779860
4814512
2119456
1887961
8860003
5943571
630820
2303159
1446638
4140150
7124320
3566214
1175790
823042
2395117
8567736
2809925
1329397
1811837
1163492
3158212
4284988
1958299
964185
3250592
7155466
1514077
6625784
7744451
5503976
1323406
2630805
8313259
146191
1255137
4935266
1950779
377468
3885127
2868676
1700408
5660823
1212085
2654157
4815349
5972934
4613817
8149564
6218234
8921040
5144027
7244890
3711086
99226
137357
1536116
2807633
3352580
3792135
1153998
9581474
6801135
8173498
1352255
3797358
1379347
4551375
2508256
1775451
1970100
5314950
697370
1645557
9729541
5561154
2172347
741328
2105096
4475907
5369940
1280797
7448650
175084
1240154
824803
2448253
1679052
1621814
2152583
3970949
2187533
3767672
2592103
2621539
361837
5783107
1591717
9617107
2775181
1449656
5283645
1263255
3148584
1749807
339798
171612
291844
3477995
1673573
1838622
4120733
9864022
1485496
71919
4711032
161707
2821796
1663610
1586644
4938652
3831469
9606760
7370846
4386646
3249664
4538169
3776427
6525561
1249222
2187370
2303765
2178402
7115707
1564381
3178538
3538003
3184466
1344509
1445896
1477487
4516508
3293875
7550575
1488707
1464539
3786366
8436557
2274830
38135
5155348
8949676
6275289
3308630
5363773
3120263
6328770
1564134
4192894
9485723
1865338
8132185
1653014
1593796
1626293
8974326
1176812
1994278
6418518
9696207
5625333
3806685
1802346
3758100
5888257
4908936
1591179
1905235
1104114
198687
3965572
2524965
4883105
3824561
1798989
3335118
2381380
149026
1490270
1390881
3768758
3579232
4704697
1415911
1862055
4671540
1674445
1371474
8354033
7746873
1976862
2535058
3249825
2769586
1749256
2509925
1114663
3123266
5606499
2281458
2237566
1261580
4438664
3250867
3375960
1331529
4959796
1514203
8182986
7294064
7701653
2909545
1358397
1113674
226987
3605727
1190165
4809471
4790161
2886148
3397888
1930685
3937811
188144
1645190
967977
1845335
3473749
2832100
2331720
4663778
1129709
2205511
7504904
3487807
5264694
3176499
1653861
1494792
1713023
3482185
1703783
1681210
2690608
5832448
3510411
3571024
2240585
7860939
3992253
5795651
1809642
1893803
2224154
4625943
7745118
1317998
1630433
2600210
1381566
617502
3943129
2461013
1495403
2222416
6979834
5158444
9617945
8430332
7288984
3110484
7825922
8522526
3862085
1346717
1557519
2155371
5775197
6750623
9626671
9144847
866263
3128220
1920784
2203087
1736181
4493722
3201277
8825261
9358224
2331077
1103383
4350468
7867079
392907
2274603
4577163
1194348
2527584
1873969
3589104
8490708
9941037
255854
2440969
1671335
3809287
4515489
1485455
6421914
3745356
2740819
5626510
1879591
1446390
1465627
1584539
1215469
3651703
3566316
2722240
2302691
1949129
1547801
2902719
239620
9471189
4853762
8888319
1154026
1367111
4893982
1798543
1497726
4180889
4232669
4759582
1576924
432664
1685610
2781733
1737421
5135751
8771369
1217778
9534749
1736211
752202
7407591
3180392
2614159
4949335
5411923
4734348
1537250
1444802
7397592
4243703
3944720
4547811
2388605
1844470
6123954
1275694
6300319
5305780
568133
2752771
3100877
2890116
2470106
1258923
2172837
1441520
8255897
1394092
5161181
4675005
2896120
1474182
3893296
994497
7146566
5416756
164539
476664
2145438
1509970
3801103
2204302
255898
1287390
2735899
8765375
250139
1141946
1712209
4318062
4260268
6281572
1724556
1970618
2121236
1173320
5619643
1122881
4169074
2953384
1869506
1111950
5257150
2495115
2485472
5603817
2392018
991136
6311994
1608900
1634283
1478170
3569940
6101014
1485583
2324000
2113566
3761984
4913700
1401792
179735
4915248
3319752
3890622
3940084
4445493
9113380
1691382
3736734
1922685
834976
4208831
2248346
9982411
5284824
4979571
4439634
1275258
6495724
3522904
180216
1724998
2594082
463107
7432098
4627528
5944674
8447419
2443653
3286625
1960471
6945032
6636994
6328062
125363
4843539
1921271
8529666
3645808
1765086
1384300
7565303
34752
2618261
1137076
4463883
3802024
6332765
3127511
1221328
8229094
1364889
554381
3800323
4224911
2914680
5178544
2493825
1335498
5392754
3221002
2490050
3594303
1941725
4639313
3549394
1493436
796383
1181559
1951733
1945756
1821303
3478010
2739538
2511663
1877148
961211
7891975
5439457
8807766
2231971
163022
151907
3647008
715092
9140466
6303014
2277140
1488006
6850732
5955611
1376604
1412401
1592305
8565511
2308356
497583
1307502
1979239
6391410
7497158
7495186
6532256
5734849
1620032
9693793
6555150
5220638
1943007
1691800
2361345
8517032
1801980
1737965
7350281
1788792
8791653
2785014
8978096
4397861
2310643
1611065
6897974
197280
2233402
8991805
5640682
3292503
5896901
3576247
2252513
4695404
2909233
1568728
1546596
180773
9609118
1369856
8965787
128068
9279517
1533229
7372966
2816916
7358284
7294934
5266737
5632600
1251628
3522957
7700920
241190
1813690
3569922
3593701
2591300
2709331
1107716
1224056
3757862
2270887
7309990
6959589
1146220
5806186
5633433
4628145
8782623
1189143
2844613
6531440
2272240
7303199
5262608
3339818
2960498
1367164
3311568
2823818
7851131
896978
4529354
4635931
2168345
1767444
4608322
9885516
2576772
8404819
1826452
9196018
1424446
3875265
3848258
4228840
1633360
4793903
3859109
8250134
6988721
2227932
1441555
1428208
4383447
2489503
4322322
7671896
1759851
2242042
6324602
2268070
4803988
1212633
9187212
6840572
3265086
1336254
5392982
5943078
1618847
5218561
3668706
1800384
4394925
2870129
6203828
3205146
2266966
2218340
889701
2556945
2439509
447619
7893544
4105426
6343828
6221430
7364811
2478846
1125071
1466150
525748
1651611
8636671
4330164
5329405
4751240
452451
1688894
1275484
3548996
6145501
7388081
2293617
3128328
8194398
5880261
1818331
1589503
1208525
6946707
278696
984509
2574128
8562451
4149304
6721379
2253247
4455979
2519967
5295863
8237956
4638138
4371450
3699401
5216022
1546726
2290040
1949596
4192699
6573793
1728554
243813
5699875
8384216
1234119
2495161
1299905
8188401
3693309
542429
265234
8533592
1906428
1555812
3831747
1494747
3505338
4657990
2308682
1684106
5360571
2532775
1118076
5785571
1162801
1527421
2932985
3926984
1303490
2663339
1221946
4281521
6666988
7704362
7636999
2639340
6908216
1806930
14342
1666226
4917673
6932993
3946742
5704697
1596794
3698810
3926858
9883070
1730734
7516774
2890067
2814658
5693587
1530218
1314941
1185878
2578844
9232868
3529548
2608359
1171433
267228
4292291
5543106
3606604
1760687
7498648
5275870
1249259
2369944
789364
1422081
1736459
870478
4518136
5955546
7358199
3659517
4347002
1638908
1852481
4740215
3769444
9423173
2591167
1314780
2568854
3353775
1526616
8450953
4132315
4560747
3139618
1436248
120755
6529565
1143453
4959859
6814592
1706347
3525224
5743931
3811833
7858797
1618889
9551908
2187001
364610
1341416
1841044
5472715
4965480
6922351
3279570
1177008
1288739
3580294
3446775
5419837
8473158
6664942
4892840
4272354
2801448
3262342
1310574
222764
6273390
6875336
2271569
3873950
3138337
386081
8790115
1971382
175173
2698590
1527853
4532046
5559672
1361547
3494620
8657908
2195698
2613361
5461926
1258454
158230
1535901
4662041
7619717
3761369
4413999
7201266
5300562
1516539
4385985
8669084
1530820
528225
8459536
6417036
4685652
4903448
2751626
7797020
1967570
2795845
173445
6512446
2763509
5182344
5127833
1703059
1564198
3578320
1686354
7459762
1674404
7403869
1928382
1952764
1474403
2548173
7763004
2698472
1386002
2340369
6522043
6411212
9376193
541899
8257271
1291815
1304459
1524806
3301332
2850539
2866439
4573244
1161507
4911089
4207437
152116
34950
8243101
3132754
5148890
29960
1886286
3592635
1472979
2556318
1634482
1141133
6259984
1396859
8260299
9161270
8975402
2684594
1693100
1652200
9591966
511244
1347401
1735121
517191
2783737
1400301
2265389
5446983
3427658
1553053
8171950
5735478
1580815
1851210
7894221
1942516
1922368
2437606
2423646
5580851
2715209
2994230
4137946
7859011
1833104
2642524
8557631
1111117
2450785
1623342
378884
2988657
5169666
4998199
2414388
3109077
2469027
1194268
3307112
1257367
2737934
1786563
8213035
3880284
9241763
1898360
1748834
8671406
1753716
7895828
5674293
1244464
3706431
1859059
2709017
2649388
5124777
1819710
7289001
4235401
1220640
5889320
2410671
3416401
3272467
1644028
8657278
5593400
1862863
2426648
1909500
1200562
1700687
1389004
2436850
7753906
113022
4604749
4761565
1375016
4175575
4622516
2602784
2727726
3500271
16330
8117119
138851
3697125
1458896
1889444
4375343
1133000
4614992
9683957
2807882
3404108
189787
9130498
6225745
1963391
7670481
4497972
529588
1619688
4535907
1196959
8510475
6650810
2401950
134834
8292479
1275926
2109471
9649531
1749562
2779694
1592810
1633278
3598874
2780408
9406593
3340059
1404056
3218824
5257210
1736290
9509083
255186
2563491
7588641
2238966
1841045
1259570
551980
5165088
1597884
1498486
4646784
4373951
5195297
1975226
1389045
1104415
386088
3215081
7711086
1411508
2507227
3369654
4345106
1451362
3244818
6681650
5555872
4657479
5735867
1244800
8582017
1604264
8267713
1156036
3965873
2559722
6422507
6944982
1228316
5189781
1513288
1960188
1713170
1588889
2985978
4561691
8493102
4626721
5461950
8548816
9415865
5781054
3275723
1753229
2420505
198596
5176531
218685
1769479
2401164
666796
3696477
5654091
9671881
3973833
1624011
5161434
3855970
4492744
3143671
5389627
4917293
685542
4499309
1443061
1825980
6702602
6617837
1529112
1919136
1280853
4505365
3411446
4134491
2503854
4477119
6277776
6587140
6823685
5695716
3282010
9739181
13985
2821808
1592375
1174952
3994865
1815494
6295197
1822754
353987
2202706
1636296
8941745
3101315
4929973
1851813
9908335
1424541
8316344
3523464
2321701
4902280
1684234
1170428
1445253
5741328
4100848
1865316
7645778
4330266
3397000
6299114
282202
4381032
1615781
643699
4425687
2193987
2806951
1245653
4972859
1553276
8414073
5924285
1935384
1269413
1423411
1843922
7657106
1854184
149115
221098
1586049
1630624
1988822
7480166
1541631
7597865
3422359
5362879
2299389
4108632
8197543
174276
3987579
7556455
9235990
9751436
1653262
4209726
2842069
171338
8229032
5505040
7317182
4374945
1332760
3400065
3751856
532519
6418714
1205427
7116376
1369255
6428911
6946344
8702573
2605555
3515892
8969029
1742788
4320330
1572830
3545253
1456878
1783739
128676
2379360
3954280
1931710
3715971
4428802
5189301
3101132
9555740
6463640
2148445
9626379
368642
2325549
2795448
1315047
7457112
6830512
2283348
3410472
5568131
170955
4433733
4775505
3281120
1888861
1986142
1519033
3136198
7166954
8352042
2423489
3118371
5415752
1418234
4821084
5983692
520745
4589646
2425525
3585238
573027
3595970
7567584
2901313
1450950
1775807
4801651
1896921
2959090
2838704
1438214
493354
6496102
5967034
639608
1561940
183758
2773642
543040
517380
1708778
6464412
2952483
4248812
1419176
1212838
4822217
6345382
2117892
9154200
3145354
1282082
6362135
3462013
4254071
55603
6248176
1813324
5404347
4462292
1817384
6944515
1228745
667784
193767
1437590
1400975
9626508
3753792
3439307
250371
7144113
8662942
8290082
2791302
5275803
3474879
136849
8307821
3249920
2644530
1993052
1613490
5579302
3760984
5861538
3544606
1635801
5658706
4922763
4192352
2908421
4360499
6577475
2273778
4155998
1182045
4710171
199519
3274112
5186603
8593375
6133481
2996495
7252447
1883266
1194123
6508627
5139664
4838308
190700
155339
252012
3636285
510782
5820951
1400120
1816568
4876274
8110552
1670954
1549312
1377194
5119342
2777812
8504748
5882231
3653927
3378476
1609140
3634709
276599
2669289
344936
8712994
1727357
172263
7696360
4947745
1314530
2828911
4601888
23408
8558905
559527
6576099
127092
6555183
1152224
1998250
5354762
4925614
5932706
1766391
5814916
1453532
275191
1154899
2162379
1691021
162864
1514661
9819568
2370972
194535
3848112
2609314
5862095
6760630
7731410
1681047
1296086
3645591
1274988
8951354
2804315
514147
2165332
7731294
3177160
5744768
3517643
2189141
3335596
4792928
5320815
4422902
5531188
3301412
1243250
195955
2633200
7938931
4488482
3105712
1805573
9530304
1541605
1307400
3277199
3886586
1529624
3670541
6617142
8487343
495676
3412024
8915827
1694111
2371348
143262
1220025
1852882
1527061
8223765
8875049
1476398
3706579
924713
9945807
2877833
3310008
2309505
3987679
5850013
1320663
1287118
8831848
485902
3665438
6224559
7790611
7306619
1503945
1993016
1949263
1478801
5914487
3907322
2146890
9148494
6926103
5112556
3574964
2361047
5416461
33121
1142330
9984265
1706397
6332141
1766279
6512735
2975252
645442
76815
5417285
3424388
2614634
659605
1986931
1820734
1115956
3827062
2949609
2241118
1886675
3919505
2709614
4274739
8753924
5580463
1726289
5637160
2179229
7146959
356255
1778187
5408013
1192750
4586001
2792631
2574444
11517
184028
5564153
1706223
6828863
2483904
3589892
589730
5696836
7558673
5650754
1278049
9979865
264838
379184
832403
3207329
1799517
2541942
550127
6955420
6271701
4986942
341367
1747697
6743995
1455983
3898395
2237770
3920654
7224959
4530141
1780837
3239348
3111584
1351006
6554276
8165689
1946016
2807843
5601903
1813072
1555535
2994776
6253535
1861829
6443011
4548243
977160
2261766
3594615
5613271
3961028
5421694
6968016
9974519
4826304
4860254
1697735
2518251
1268073
1633721
1717248
953323
8312622
2687105
257727
8109208
2186919
2348053
2799056
4194459
1486748
1780470
1553380
1841271
714991
7806831
2252714
2884555
1343932
1781545
736725
1820534
644108
873858
1256347
7110747
2752648
1267525
3804567
6890826
3694297
2545660
4706756
1476127
5548577
1696930
2397974
6246694
4824091
587149
1171541
555039
1209755
9259378
2460529
1280403
633417
4789423
1792451
4104168
1404135
1280798
1950307
1600106
1203588
5505446
3847443
3348091
1573391
3471607
1392029
3457123
4568280
5533961
5423915
6398806
2589299
152258
1979716
6532561
1798333
2252723
321240
2265185
510657
2133104
2546161
5592508
4314963
1304988
3638409
9102219
5600074
2818971
1798391
2987210
2652840
1964146
3291617
1710494
9637392
6911180
6541477
1821000
9746021
1319332
3713696
1625203
16790
6124937
1909634
2586653
3458217
5988337
1232873
5331847
2923252
148039
9902747
1603216
1221737
4636846
820256
5829095
8397123
5333628
1156351
2584775
4339932
1118968
4709338
1921926
3718936
2636764
1857491
3832740
2738266
1606937
4835297
3109429
594304
8227965
434204
4509029
1804808
1212869
1141250
315018
2262061
4544340
4853609
7920761
1899483
1929001
3934396
1465499
5805563
1374704
8173880
3274374
7762161
3409316
3656075
6610220
2238053
4952575
664399
7528579
3599979
7503265
7632256
1369566
1681574
7640808
1982263
2469415
1768103
996368
7315901
1446130
8485081
399805
1361533
1969078
6332890
232706
199660
1941539
4612197
7305260
7305863
7840067
2355643
8250958
4633214
197559
269152
7323407
3849665
9905232
4673872
2710623
2339602
4870690
3132959
2405794
18025
2548353
1187700
4129623
3819153
3444736
4514420
6709602
6648535
1102670
3982849
2186632
2106993
7185735
3494129
1277286
5641421
290773
1296757
9577021
2795325
255618
3716640
1612264
1901532
1287068
4990586
2796270
3245461
1320450
2778889
3454750
1484740
8670130
1332611
3442292
6116491
1135498
1143760
9239071
592830
4153645
5776572
2152302
2874602
5210496
2946994
1257006
5762300
4563155
1927111
7613775
6104937
1568503
2257015
4586364
3794683
5902208
2806865
428977
5654744
3144557
5475072
9213060
1681774
1623959
3524666
2604216
1148740
9258121
1222737
6620319
1833506
8541129
1109141
2235607
5723478
4387126
1736676
4567205
1967613
1674921
8672639
3455569
5241000
2731749
1826527
3761729
8843159
4776927
1331527
1825067
7498682
3164576
2137568
2166877
5587946
3717907
6849560
3469120
5482933
9204189
1857310
4924104
6968512
1528040
1953552
132886
1768463
8383171
3831432
1846586
1509409
124806
3861312
5224461
2839935
1839709
4741404
4538078
1144124
7236127
2717458
3463569
519187
8730901
3741510
2314717
2763666
3451791
3372540
6625037
2875225
166060
2266616
3346318
16536
9289911
2269508
1737828
3384997
4613898
2511543
270735
6369580
3415331
3295856
2619127
2532376
8968263
3693714
2209735
2419447
3411245
4559742
4129121
6569493
1621431
3458272
1770932
2849785
534477
1627940
8500953
1821812
7128470
3865835
6596084
5476581
2330107
9950452
7895979
5833567
1387729
3730052
4247297
318639
1494717
7780834
2792294
1820822
1561829
231490
2804899
9264908
1477582
5418528
1447533
3256776
1970125
8550023
5406244
583698
289150
1550882
7695264
1566319
1797164
336108
6884931
24903
4294205
2705973
2145648
1148388
1318834
2488636
738438
1569880
4174960
163289
129454
192854
5460509
2795699
2604137
236821
3826260
6821472
1655827
245663
5506957
3105324
881886
2810141
3682268
1548604
1892251
7312140
3695107
4276572
5533666
7524358
5672420
2494444
1802832
1975696
5729616
6991965
3198302
2192446
1206319
2215356
2584975
7507283
1696944
127541
9825230
6285708
2818702
3864360
6674226
2970401
3900758
9307897
2223564
3846392
1360840
5287368
8549117
4196757
6568141
730861
2919421
180984
1457723
6376148
9102411
6263531
6265502
3423810
2831118
5662393
3626661
2305598
5753054
5947232
4523883
227950
2697920
1860616
4731560
2299948
4958649
2952042
1412074
7538696
2900360
188233
3334836
2201110
5443850
8367220
3630611
6104413
118763
8469729
1665175
3260160
1178684
185355
3202012
2297918
1556537
2425919
1638821
1612101
2382237
7825124
9414699
2304877
1638576
1928652
2998793
729121
8339255
5410662
2391085
3155119
3423662
5152268
141203
1482589
4700302
2447328
3163477
8708533
6573846
2626262
8247211
5943098
5862395
4226112
2493465
2763647
7238099
2889589
1262589
381965
2566078
5265135
1104338
3702648
2781891
1439768
5735591
3798501
3206153
1344137
6199109
3802854
627509
1905048
1948413
5553585
1741822
1113874
3320156
5620534
5697103
5796375
3556792
1199457
5179407
6793663
8230124
3333473
1957455
2980187
4146248
5904573
426314
2809542
2114975
7706469
2360340
594761
4236810
1501052
557758
361422
7817366
4751841
3945954
1221067
1176210
9542384
1776038
122372
5686540
6880172
7161797
9348838
2750444
7334451
6316097
1628647
1911825
2251786
1645512
5390582
1540051
13197
8436954
4822790
5482071
1546793
9652609
2214350
6832999
2998731
1757632
5890079
350045
5257247
1196940
1572614
6990500
2213995
1512509
174613
281022
2477025
4369697
5231867
6816742
6193025
6405564
2617595
1720747
416030
6414077
1808573
6786515
3655815
5660961
1496784
557776
2254299
1344338
3917967
2294244
3437729
1447031
1308994
1776431
5224872
1981146
2686966
2905638
1787452
5327655
3279042
1794259
8944004
2665172
5786373
2683788
1935923
1480594
1773240
3204710
4838625
2274985
3469892
1559202
1116859
613600
9620031
2474035
5113863
1446788
2951939
1821123
217814
2802607
1603589
5636979
8442107
2116456
1398502
7292299
5111948
2610654
2579729
2431345
4506965
3508916
1569697
2198524
1875159
4838754
5237493
1849465
313076
3110096
2896043
540796
1766228
4551255
2708860
7877322
4607801
1248186
5273938
7936238
1993232
1230003
4145191
3619764
2826987
477648
1774893
1408412
511167
6562942
135038
264746
6418155
7851992
1453020
2973482
162713
3918323
2886850
7682141
2974153
1722832
1672956
1370546
9426902
4655598
7209645
2907222
3275223
1964731
3927086
3623206
3446085
5246166
9722919
5497636
1774154
1155975
2136078
168793
4155271
1241827
2391896
3963630
2764108
1546212
8431613
7942125
6625005
4346145
3548821
2385897
2838796
1772264
1733200
1128978
4176958
1229322
8439282
3773293
9764700
2888478
5437277
1379747
6998371
4219159
9379469
2797364
6239955
4733497
425989
3300324
1249303
4639838
341811
4856898
1727118
4760266
8802308
2372134
4762034
2561714
4198875
2571338
6407848
7348797
1802021
6173203
5684302
2793915
1555720
7897027
3294857
8420361
4341142
2114071
1467568
1642907
279466
1430889
1421033
1344493
1389144
8662833
477517
1311054
7605052
3117807
1120877
3572565
1436766
1255186
3211564
3600043
3111868
3880680
7798547
3490089
242818
1771948
7524488
1711658
6538689
294046
1833726
2102696
121729
6432766
7237923
2518973
419082
4401470
6756677
599884
2164029
4780665
6987107
1984676
8978514
2437012
1211971
2416864
2821280
7579611
1657167
2532735
1369524
3818184
1560694
3473244
1366848
1576257
2457659
5712369
4127376
373669
2142691
1252367
3603409
7357986
3460092
1968723
1503428
2568369
8930578
4242114
1133658
8580288
1519237
7284206
3835170
1368138
6751063
6309324
4331084
1428325
1992422
5161192
945626
1699932
319094
2221747
8332215
269273
2131009
2119169
2851163
196706
1162890
4754917
7897350
8196008
4552877
7120362
1147159
2646490
2517674
1344732
3298926
1991663
1211851
1589493
1880481
1708256
748001
1972523
113933
1668250
1792871
2638972
4754818
388075
1135030
762356
2662637
2213948
488765
5630578
730252
7305201
2398374
8200532
1744140
9838150
4138376
292794
7700383
6523078
1417305
1565946
3417454
1429045
1864288
3450797
3148127
3390972
6634297
182862
2809381
19121
4912189
7236716
1784333
8685085
4794109
2748394
3421147
1303718
182401
2914193
3361912
257648
1906477
4175979
3876211
6228412
3835173
9396309
1127360
2423877
43260
4681370
7110253
2680523
1371153
5722087
192940
1183344
2363101
6487379
4194576
1910930
3537166
1213591
2872351
7800741
3457080
2839920
2289398
248270
2738521
2943725
2817972
4116890
1177401
1722960
5550319
4953539
7637914
7748435
3586460
1928133
4841506
5636774
8738913
1194831
3833484
7565191
3576692
2180856
2202138
383124
1928135
119306
7929644
956408
121148
4105309
1496430
1983155
7803296
3332077
5726551
239836
1594025
3143500
6257232
1857413
7882637
9600634
2982794
3380800
7550896
2635890
2257978
4920794
5661653
8744434
2606841
1948449
5612395
8836696
3414164
6746570
2450761
8895090
133394
7467171
511724
3369835
3441411
5188431
6474527
4913907
114845
5165853
6760421
2625179
4758204
647513
6185933
1870504
4428430
1227166
9557679
3718989
1208650
5426085
3710475
5819809
8841276
2240291
9982209
6457032
5101110
1722539
5244604
1858505
2531463
2542581
1814045
1635526
413216
1394172
233701
1569287
498971
2332647
1975202
9383487
2419276
8387585
2852611
4175646
5736764
3842441
1287403
1559295
3939794
7134688
1723895
1491457
1792851
1516502
8732831
3111689
8844198
6966778
15876
1488881
7785729
1451480
1560400
8360014
4533331
9174724
5348368
1349865
5814235
8344704
1743011
1647534
3226153
1446125
3228136
8303244
1324837
3952700
1541281
3853506
1957889
1941336
5909705
311559
2557447
4477747
5449252
1516235
7808679
1440829
1160574
4385594
7462936
4119655
1108838
3418481
1456565
6695896
1569404
4778249
227394
1711238
4700114
5633993
3518811
3360829
4866120
2565426
2486821
1145159
3270203
6431851
8178092
1372871
2760979
157622
4612519
5413422
1418591
3727843
152717
5119107
6655522
5211584
6437762
259579
6307681
9562888
6819286
7301997
1998602
4206393
8249780
6837942
1138101
559641
7798186
1317542
4763714
9993664
1240808
188017
1171151
6848627
3132067
1884199
1186743
1775929
2900164
1554012
2745793
340967
2960609
2837825
1302176
1539470
7889060
3704112
1860637
8131301
3818409
173572
5303074
1813064
1543823
3921460
4313170
1322381
1192799
1964633
1863874
1124803
4232744
2263303
1227792
1316888
2595500
1865661
4477671
7857246
4624520
4702444
5586089
4718274
2174770
4298559
2315750
5423097
1609777
6286258
3330769
5753707
9308156
8383286
7965789
397719
4191935
711430
2219531
1989790
8490155
424800
1961154
2392465
1139533
7664158
188692
276426
9658731
3455904
3748051
3237038
7399064
8697002
4913772
1894260
6687211
1202610
223163
3520001
1953640
4867257
1417466
7107359
2991754
4532654
2522996
1796016
2945493
6308407
6979775
3568638
9249404
1166308
2393458
1243027
2511507
7664906
8756409
131688
1962886
2491632
3867970
6866138
7940011
4200620
1390933
2174340
2311221
1846851
3165372
4734306
8751075
4835822
3638849
2975772
2495520
1874623
6810031
2582972
2608380
5681549
1461319
3566875
2720591
1215122
2568973
8676929
8939935
2314618
2896883
2367502
1622536
2638253
4347151
450682
1818994
1910237
338569
3738031
5727986
7243510
7923299
3324197
2118805
5318467
2972764
3447078
1465624
7385715
2426217
2212318
1149970
8647499
4318208
4193772
3123165
5665734
1720085
3864535
1415075
3705087
1141248
2308980
1892759
143014
5280792
3491192
1814398
5715844
2404067
3128723
8834779
3564397
1438813
4611077
7481076
3638647
614072
2615062
1819810
1519063
3156115
185676
3375041
1780552
3972438
1895733
1390966
1321400
147089
1434009
2774942
4959721
7655136
1868532
4255070
4454529
3697042
648450
4821532
2210863
3980966
7542690
2879879
1841600
3665084
5983441
3411946
285489
6463893
2883318
183856
2393179
1180766
1715517
347876
1326025
3566588
2637594
558795
7272045
1223815
1459284
2739463
1189564
1261537
7431234
4101005
6590360
2255120
5838860
3112716
6337677
7706735
1916592
1609990
8783070
5510648
7846717
1839708
3252669
2212034
3951537
392875
3334831
4824950
2495397
4905772
3338287
35946
412702
4593483
3527261
1458655
2446704
1270839
3264341
2380552
6574281
5733401
8559863
1707524
2461412
9401921
2403863
1820900
35252
6403434
1305044
1321649
1179046
3232748
7793333
1441984
1160220
1529350
2959710
7790629
2515858
1775624
6742782
3749490
4974859
4316748
3260110
1859830
8290538
5494482
6619042
2426607
1784361
1325373
3488392
9371269
6803203
4350280
2249842
6226626
6513121
1287464
1635577
7650643
1984124
1801080
1259262
1324739
1483342
4583035
233191
3134085
5585516
3338210
4119550
6125687
2388386
361632
9497970
2516455
1240564
6931868
186090
2547842
1611730
2880487
161361
2921389
159626
9979380
1811949
2864576
1589733
3363438
3407723
1124733
6509132
4984435
4769070
2971836
4483068
4750862
1691602
3928504
6536288
2740425
6250450
2808315
7289156
3614418
2873213
2139633
1285172
2850646
3476193
1897324
324553
1709154
7138026
1948197
4654232
1331498
8764637
1645906
9786442
2695177
2612508
8165039
2125624
197475
3118068
9436700
1201931
1996993
1472029
6518673
5489613
2166106
1223216
3615092
2224453
1183088
5471827
8671799
170936
7887577
9393356
3125104
223221
8533233
976327
9380568
5656279
2841855
2582259
6435630
3881635
198076
5993248
5123714
3431499
125818
7292523
2757901
34507
3427325
6702054
5103357
2376312
3319795
1555028
169428
373186
2405244
2933447
2903790
1487890
1321816
7685895
3399523
3912511
6975158
1174599
2615620
1942259
2684042
518549
6597473
2103825
4891069
3862660
2370457
1441698
1633118
189508
2770799
3718837
233847
1155218
1128999
1987380
1423095
23723
1455637
8262324
1456017
7978834
8295102
415437
1382314
7786943
6597237
1106306
4515211
3169450
1218697
981708
3761193
2331941
8579442
2102252
4529599
1829515
6436942
2648106
1773610
8614185
3169858
3679553
1244932
1258204
129958
4889233
7107437
2708168
5170844
1234497
3525875
1776821
4203920
2221035
9157042
5547730
5155086
3458379
1589567
4171243
4881613
3483950
1107739
9472581
7454075
5972472
2181230
2679577
1167681
512636
6169251
1612616
2406039
2960898
1175766
3158661
1609148
1873088
4241895
1793979
6697222
2438574
4382267
1569338
7170053
2636940
4214539
1579114
650193
9796444
4998867
9543266
1604038
2476492
5447602
4405979
2731208
9862096
8345987
2308640
1469189
7967410
1526813
5460573
2617143
472532
2649722
7583948
6115641
3260131
3874754
523784
4862742
7484108
2305756
6154704
2619488
1358480
797604
9111252
1606547
9205191
3366879
5280757
1833425
2449330
1652103
4459143
1230542
7128925
7563778
1117855
1383349
1824819
5465312
6660940
313810
6576891
7100543
5733930
9281678
1295768
2291526
1204126
8155854
3839004
140223
6542808
9269394
8438331
8687035
1479962
6671551
2437154
1580927
2515821
4544144
4976189
2498458
2479611
5105014
9645749
1864017
351036
1124008
3826556
2705589
4962396
6272817
5291227
7980897
8963049
2778661
1704085
6141109
946496
447774
1143076
1749948
2420872
3444061
6486142
7849905
640040
2926006
3367250
6113031
1746630
1527887
7469824
1340213
2610445
1638858
2924980
154678
4129463
1171312
2142694
8578651
1410358
6257632
3793145
3634023
3211749
176071
2462557
466127
3510939
7332895
768824
3432414
3623220
3954960
2121226
1857197
6238474
1289001
3482470
9606071
2234645
1820591
3848883
1393294
1584122
5675359
1996865
9942303
5134932
3436877
4534478
110264
3614439
6703785
5594772
1884882
6820056
8159360
6402767
3983320
1987235
1760819
2146452
1284588
1446426
2722296
1970990
3721289
5651226
2665622
117196
292223
2799481
5305018
5314319
3187685
6635894
1728941
1152815
3579975
2632909
6187778
5942580
1415765
5954099
2578993
6232751
2532484
1608397
1951536
3830762
3370546
2717467
4495489
2878614
1600973
1566497
1387813
1764005
1903538
4189413
1414378
1684684
4671478
382156
1341862
2936148
4812250
989683
3558872
3821411
1246503
3829983
3530742
7561779
6993087
1160718
2899315
1904442
6703595
1914825
3591534
5172434
547110
4522117
1882900
5534736
5962200
2698730
8717060
2130189
1528604
5963154
2614253
1675146
1189278
4117373
2771731
6374775
3240553
8932789
5602029
6462585
182261
1633081
1594419
3640762
1646747
1293073
1233879
184275
3109751
7516564
1752398
1189610
3567527
1457943
5688185
2995777
4682916
5287027
5987292
2348938
4737010
1963092
2481011
6414316
3493758
2128511
8224852
189189
2844061
3725747
2869020
885675
1268031
262571
2635626
3150370
6576114
113115
1670056
8479842
5721866
1118871
1988545
1142702
5965341
2285315
1485450
1398791
2106793
1391135
6597960
8464242
7361590
1191757
1584153
2971016
6188169
3492318
1559863
6913287
4848717
1755356
1976690
1626117
9386505
1486024
4848910
494443
654732
1604401
4732649
1567425
1624895
7516507
1877646
156417
5312294
1957465
1662924
655324
5200576
1208960
4401758
2499272
2731216
4101233
4549241
5505367
2206940
8586068
3881315
742769
6874314
120764
3391684
5313389
5982622
4819914
1726380
2761649
7453044
2443623
3805107
2974453
1389343
2119625
9196641
293335
9836233
3425547
1474088
1797751
1882926
2480659
9363446
1473061
1882479
6825872
3592478
9623622
5321531
9664976
3204123
1576876
3384632
1264977
2725984
1181799
5117302
1809262
2248987
2366346
1792286
4735474
1435831
2452496
1254912
337636
711802
1169018
927314
8682241
4150062
284942
2507480
245989
3395442
4729947
1144534
4162441
1572269
4776079
1192974
4289014
8918785
8886991
7222215
5107762
1669100
6598519
2400901
1357553
669279
6105795
9879226
298105
2301227
1434387
434798
1449064
2810296
2856323
1977391
1205325
5380953
2779022
216772
4818026
3974176
5296261
1874794
361632
1681085
1431951
3680158
3525280
434469
5718062
1684551
7581499
4269284
4149780
3455791
3127446
5607183
1652716
1177117
1539423
1580909
9203368
659271
9872149
2856541
6150874
5582900
7331389
1781992
7229038
1389468
8741260
1116575
1672155
4205596
1214322
3835842
1181375
169628
2120268
3452448
1586252
2387455
191095
8711716
3478620
1327462
839974
3367204
2496545
472256
1698809
4966031
5499004
5578372
7513521
1108883
3152941
5706261
4865584
1321649
7161628
2758491
2254093
1392604
3223162
7631045
2706883
3286674
2609818
3230739
3294631
7613707
1339373
1820546
7268870
2779191
338473
5847265
1263175
1107857
1289458
2298357
2439446
4355009
6868106
5985287
8503375
2965306
1522177
6572072
8540757
7415340
2504560
569544
1563742
1579444
1375862
1286352
2207377
7805498
4354119
9413583
1524393
6524494
3720354
7873895
1939362
3373472
2457124
5894351
3714306
6347804
1350433
6704789
3729118
3241435
610176
1404450
3889470
3219180
4201284
3131699
2790
7692216
49556
3963250
597840
3308826
6314711
2566921
5523248
319993
1162140
171405
4977208
3211354
1325973
1296946
7200542
9387970
1602755
1741868
1871973
6153213
8292609
2340539
5800454
1344596
6839691
3964147
1158446
3651930
2396711
1697633
9805988
5664442
2808674
1427167
1410750
1625514
2278179
2801422
3491237
562147
9173243
5182669
3982535
2454801
6619556
8770672
1534385
1172642
1464358
1863849
2306589
3312823
638225
9976784
3815931
4885607
4464079
3351028
1323727
3729507
7387125
2189314
5672646
3435452
392676
1103969
8142413
1909457
2921717
2847382
5142412
2572643
8483391
1602957
1998058
3866727
1570385
1907420
1843256
5314495
7452806
3918743
3812490
7878304
1395932
2416524
7794707
1220777
2946272
5881615
3499661
725579
1479972
3365827
5539163
588614
8967707
1906775
1837581
7843843
9241596
168561
2616345
3917417
48132
578997
5503356
4126364
7315071
1828150
3752953
2110383
4291972
915629
4588383
7671512
4565325
2223796
4657312
5366262
2841588
3720189
3419493
5481103
1563767
5189251
7376379
3488784
4993701
1173862
2216335
2918546
26176
7531589
9863450
743578
1399495
1216521
3967068
2616819
3730672
515722
2289615
3816119
9638192
1984230
1965408
2549628
2830437
7939022
5750091
1467326
4511682
3861705
8107160
1156134
6718295
1391066
7127016
9643893
4281589
3595101
3968533
7687617
4500828
4547305
6303460
3292940
1664488
1692312
3810967
135057
8616870
1693791
1394226
2913313
3650227
7511033
3822169
137818
1413843
1284253
4393874
8368989
1503395
1893242
6383536
5539126
347431
599068
1176365
2842235
1716663
6143209
5761408
2922502
6564178
2799510
539965
5176010
1307795
8754223
4112869
3567703
8630853
1288394
510280
1858288
793749
1810875
7890179
1366386
5105751
3424550
2145724
1575197
4571338
1821319
569316
8928328
1474171
1428902
6301358
194237
1866006
2867410
2395470
1205866
5866634
6994774
6675415
1813269
5774475
1313675
2745344
6924013
7779448
411638
1570754
5195896
3975808
1722904
3261718
3455851
8680747
3300539
2837280
1216382
1895632
1332448
7499331
784490
6502159
8558808
7578375
8405238
3356497
6315728
4131427
1313100
1272415
1670028
1547864
2975625
1688667
1777271
4577053
2824839
2260065
5883576
840256
7236038
2882753
4838260
148544
2961104
2686670
1909004
336250
3395227
1415484
1535699
2535109
5127767
2772888
2479709
2747041
2151591
736616
5781439
8408117
2295672
180094
2353814
2557678
228120
4313723
7914443
6102023
6918367
371937
4575457
1797563
1553221
3360529
2889097
3125112
1794727
8714295
7684167
1525214
7700489
2323987
1670889
52504
9846397
2315192
1820589
1611814
3504088
5755635
2654414
1836186
9160968
1538838
395682
1396173
7969758
2413935
6347180
1948395
1548506
6501128
4453654
882738
2178538
2631235
8246724
2964902
2907593
191141
1491343
6235707
1388851
3880959
2760717
4331920
2789985
2620876
4439735
4538856
1167870
3423190
1589151
2258629
180694
7639126
2835739
3227473
715779
1635169
7906755
2607780
385905
289401
2391204
1631359
3318383
4244239
4611310
3399526
1912353
7851474
3931746
4604847
6425097
1985880
9724231
2690758
7888632
7414504
552254
5748965
3958468
4474924
8220150
2127245
4712366
3310266
173049
2989575
1334415
3461552
6469489
2879656
1868670
8827121
7975837
5721595
1386871
2453064
2177097
6158218
5956850
1957090
1726358
5822052
4541656
6246706
1185773
199011
7300056
2670119
9526050
1410157
1246128
635752
5368935
4575440
1591421
170301
4272485
4363429
4344821
3742837
2883900
2746085
260360
1875662
3182579
3449495
681771
5263983
2521781
3675844
1886508
425680
86978
1908983
1940821
233494
4455650
6761956
2140823
2862910
1535527
4705730
1302684
2741177
2166759
2862647
2433696
3493423
6753837
3945637
8723
42568
5280433
2735465
3379280
2893006
9903548
4398090
1499261
1732644
384387
4325038
1760885
1420203
1944336
5378090
1388358
3622929
1746933
2454172
3281284
3500975
2891596
1711367
1188599
4415091
1361501
4990396
2688766
1966996
922152
4843874
9858146
6580840
662308
1233569
1768471
6316069
1747411
1395927
1346232
225175
6281929
2988365
3880605
7877271
1227363
1561132
7430072
1597261
1461823
164875
4675558
9624728
9492892
4332727
1774383
6353920
4863136
7249714
1982199
3194546
1772686
2914823
3183004
1232037
9387519
1410667
1300135
1750283
2139757
4503780
1962996
1747848
2184601
479326
1313307
3662779
3265345
7548364
2662202
7265504
8286624
3972242
196617
3263929
2343536
8737249
3614571
8221555
7817701
1645282
1948560
284790
1580670
1579850
1364248
1905135
133583
7870755
9285548
3630889
1360991
375676
3278680
9134164
7211566
5665109
1258151
1248536
223981
1406256
2513080
3270083
1574097
8933966
2569189
7265974
587368
6755159
8426734
8562275
6973544
1252746
1973489
1906487
6493071
6947758
1943228
135269
2678776
113200
4246563
9828851
4331582
1559414
164130
5351062
1227768
1306699
129591
5856746
2795626
7877693
4362932
1819763
2789517
166312
1689105
3175694
4646633
1649042
976572
3499857
9126686
4907463
1188900
2912067
1879063
7347769
5557049
3845007
764192
8839256
7177347
1527360
5268902
2465772
2328990
1875709
5652948
92209
4229556
7303971
1707873
1123337
2782824
6354753
9732153
9282921
3121868
1210258
46167
393735
8544658
1650599
1136256
3871392
116558
5451660
6666415
1643830
3896327
1109532
2631139
4786905
5805327
6949096
2679414
1785762
9574185
3430401
1740910
147520
1251934
1723018
1375771
460261
2920082
3429156
1776772
197096
5522657
2725046
3900613
2976198
7617454
1251432
2203138
1413898
3468453
3153298
1273642
4222413
5793566
1887893
5783987
2308799
2238283
4291872
5473547
2195619
1816112
4576640
2684312
9227568
6571588
3675758
1364470
7546535
483044
2454183
1634597
176448
8271230
4749878
5824518
6595016
142095
4846633
178117
1949835
3259258
3719691
1251443
185238
1212120
3684254
35043
1414936
9124609
6738613
3831075
5533770
1770318
2259882
8406597
137318
4316888
3809372
7146132
3347787
5675437
220261
9593248
1412899
2558331
5640313
14033
3571986
1206862
5957821
281421
3158065
1598319
6249771
2128317
8526105
2685199
684226
1820144
2300191
1526644
1300824
1108950
1224142
1157424
7848822
3896452
132378
925825
8534410
1692625
3917050
164932
5636522
1225022
4581246
4376865
6860517
2318925
5438946
276688
2579448
632181
7936417
2812463
2541256
8337811
3338893
246152
7135361
9167368
5559371
7458025
5414950
5986643
1177102
1960954
6202424
4582376
3453729
2475190
1875836
4559624
1574280
1611607
1128086
3118178
6158692
1356720
4388373
2862439
5465804
8872383
8199009
5478493
4614111
3230155
4353447
2623084
4111021
6855304
4493332
1393592
7524555
1166100
2553408
3733194
3919152
8244137
6242204
9585627
2232664
1125818
1667652
2283686
3569704
180624
7154013
1101643
3109638
3816131
7426565
6924192
3892516
4218437
6126128
3813783
4301197
2761731
5842301
9650307
3897231
3875784
4163207
1277284
3139504
2927216
2810147
1230681
7814351
1193397
1422049
4261477
2292746
1837033
1138124
6498823
1357311
7591051
1335497
8156038
3416472
6818681
1968517
4844670
1570732
3473199
4917817
349263
2985
388818
1773396
4756603
6297187
8451619
5409858
9352981
7751440
7814688
4781250
1240429
576973
2984683
2513972
2863890
4250343
1112743
1360116
2784892
2788381
4344733
1746729
6752756
3321932
6490930
3707901
1688677
4624525
5363475
7443256
2424371
5842507
5526166
2820051
7515242
2945309
2679102
6176900
3576492
7271656
5905862
6219613
1959432
8348086
5575631
2710857
5953198
578503
7484097
6726031
1223500
2739277
9656963
6318494
1187965
1765143
7219083
1655333
5467916
129514
6760763
2779809
4541988
1106325
1419204
7577142
1319584
1418191
1737450
3529360
3997462
5116908
257805
1861325
1591436
2239367
14614
4479035
3159416
6528920
4234335
1648329
315920
1993461
3187140
5123809
2998874
9556580
2578330
1952960
2718471
1905232
8591642
323735
2283568
1158944
3736298
3115103
68954
1870122
325226
8819028
5143122
2672084
7521908
2589976
1920690
5363750
1849358
436373
8418883
2929819
5929162
521545
9248040
2523924
1104891
365373
7709820
5227105
3160818
5167895
899979
7101491
7817866
537112
7122256
5597406
1789842
2556818
4787763
1446463
1524550
784448
8588459
8896961
1940039
2949992
4684389
7850139
1985873
361598
1839199
119365
1930020
1596162
4164546
1198657
1384408
5172585
3365022
4434870
115508
1199394
1985480
2515868
8489602
1432927
3671569
5722548
7617389
8768212
1415355
6248071
195158
7911738
1473621
1538516
2326706
1690636
1794314
4196278
3853593
5662800
1458988
5675832
9167551
1126472
1271262
2354343
5201929
3973358
5133627
2127384
4401963
5429684
265067
1618923
1829201
1542400
2812416
1989678
6896483
1733043
6272569
2640468
2178333
599120
6401641
1450023
177040
2229925
4734824
4317098
5897141
1690228
1340827
1902603
1297886
6152282
8895758
4397106
7351795
290269
8454134
4975172
5107893
155121
2175863
3480171
640343
4650365
2263245
1555365
942433
5823605
1664682
8846263
4870739
3486584
3511886
2880573
8832795
4129812
2260691
1220549
1716824
2553868
1516554
2180267
4319470
1503600
1312486
4393982
3236728
2192648
1526848
129009
4686199
5416435
7763748
7474669
1799185
4443836
5743407
12677
164745
18857
1275218
1343553
6248769
5841975
8752669
1206479
3716428
2577847
1334814
7685762
1132883
1390006
9220130
1960021
4874216
5339136
1686216
485817
1112656
9342183
4502374
979721
2723273
4393465
5248903
2329917
1421715
4202934
7717593
2101440
1633184
5297763
1558691
3743450
1595033
9607365
3768098
8286907
197152
3467005
3254783
2720591
8283701
8900322
1118965
1690126
7459801
8552562
1432924
7612505
2334444
3987804
1302182
3492815
2264533
1131860
2994158
1441638
1198354
441477
5970045
7979357
3437991
2466554
5961512
7913433
5135049
1320849
2675150
7936506
173780
6214781
2353195
1616769
1871032
1958560
5366273
7358815
4765697
4547474
1475242
2627436
3694864
654025
1435087
3320130
9219960
1884306
2227195
7389223
1770336
5294384
6441664
1992046
180506
2937013
2466042
324937
1402587
1522928
913051
2758172
6912651
4766327
4194221
2461998
938467
5714230
6821481
5748684
2184152
1364105
1662634
1298473
4546790
345735
2453972
4181975
2726337
1499070
8732444
9828745
457296
3178600
1577214
2584574
2669135
1516404
3422269
446326
1251711
5991834
1531186
4345059
1114245
3857627
6707373
2680357
172118
8992300
3427633
2648932
3873518
1999145
5491006
3768340
4399000
6183066
1522440
3644583
8643766
6563420
2109665
5756053
1697409
1399583
6281390
1571598
3308270
4427553
1642316
456804
144508
476523
5690254
5238806
3632947
1298690
1372896
6908605
1813
1746650
1253277
64107
1815015
1983462
1761261
4501046
2395465
2336309
5474723
1898569
1132380
4441406
3994484
1997441
4191887
731075
1893055
6641338
3623170
3792149
8102162
7538562
1887815
1525453
9693713
2139950
4663652
580592
3602553
6427278
1562584
3605122
3113901
612707
4340736
1222183
1556084
1449719
9219139
8257890
643880
9776362
3327152
1102998
1238423
1473524
1732709
8551560
5226557
2277530
2239116
7226213
2720315
1758429
2831473
1518396
8820236
1916188
2540696
1938049
3804397
6548010
1791881
2445691
5893633
155377
1849884
2153637
1495320
1911889
1945961
1566617
8255083
9881964
358219
4537827
4824474
8145782
1167693
5156356
2463986
3561451
4822071
5729249
3375166
1987861
214060
8205784
9389527
1493122
1749495
182251
6233631
4272066
663869
3556129
1116669
1903518
819967
1687803
8956496
9211314
8880005
1930451
4315532
2793242
2665519
6286790
7546198
1466310
3488877
2287446
1478634
165280
5748921
5857706
2841862
2877431
4566722
4781048
785075
1904922
9944832
7525675
4712358
4684073
4134148
3634442
229606
5195973
3753849
3748465
2963235
6390360
4284261
2696987
2933688
4573285
8117010
3592567
4279598
1902810
199895
2913429
4823879
4827128
5972669
1644012
9183169
2548984
7288026
4569653
5976220
2107700
7841684
2376719
1971227
1215518
3589688
4411469
8225398
6934370
5532179
9122117
6787017
880086
4955008
2672098
7819497
7316914
1831953
3793
2128022
3664465
8411579
1451999
1619096
4883736
5418588
195682
1429213
1773766
6291790
2242186
1577425
5310834
4477125
1115650
2103414
1594947
696162
8799829
4616503
1537282
2443021
1167510
6144966
2497907
4582914
7751687
1371234
1954060
5627818
2481238
4228184
9379476
4279277
1798056
3479501
1923836
1477469
1379023
8176470
128001
214684
6932844
134277
3451936
2665571
160671
2309407
8696742
7415177
6629408
4587995
2587893
1946519
6579392
5541319
3834271
1632187
5159084
7725800
2304527
1274956
7988349
1518197
3156718
290937
1415262
7426527
3401358
2492841
130336
9377956
589726
6909704
1252826
2972700
4972542
1748962
1143194
1401838
243924
5145892
3161301
1921397
4968866
8932550
3855179
316992
7525202
3950100
7501267
7429157
1677534
3431290
1510289
5565635
9419913
1346012
5654970
1635830
197552
2310841
128325
2764782
3283671
1248182
410062
6715368
6712496
5165984
2354598
5880644
2740771
527576
1440201
2976469
3722263
1197774
1727149
5643905
948012
3783269
148703
8329595
4615639
8701319
7744549
5993020
6137781
1399518
1526762
1871491
1622206
3679540
3894343
2462562
1168897
6153243
2431244
1204664
5325194
2768433
2334927
2751170
1830930
8518946
1148516
4788747
444380
4290231
1995898
2327958
4953594
5203741
5891826
182751
2338326
6636692
9889720
3723905
7945201
1860575
1691821
1882492
1883394
1408940
6630261
2960867
9340695
497382
1965781
2780976
3436427
1972031
6942697
4111518
2826279
7635594
2544555
3838505
1993837
9333440
8278710
678903
180204
2400108
7171562
6411208
7142841
119978
1635725
5804406
1660176
1573881
1622386
3390688
2555660
343823
326768
2991057
9686094
9692605
6825837
196926
8383404
8776418
9685137
1613250
5983992
1860662
125580
1579499
3283231
5467576
2937657
9929042
2163166
4629757
6511423
7539213
9940766
7858879
2828342
4126205
983007
6675490
1721756
1860542
1647982
2290070
160726
3402250
3322677
2398257
362864
7976120
3569148
5281846
2494572
1556056
6704633
260905
6576299
3485047
3279918
6930538
780254
4667721
7727743
2914012
8858013
2454688
1127013
2762377
1400342
5288981
1868530
1765045
7406806
2855181
1211995
8640430
4504885
2355312
2569742
8723985
9563635
1689928
6644898
4129041
2258226
5973350
4793844
4328447
7956621
7617741
1347795
5153027
1784284
2286822
2116721
6876755
1774917
8231742
6743379
4712105
5555553
268303
287080
1299157
8383212
6480309
5499341
2739583
2621376
1777954
1199310
4944341
5927975
178531
264512
6659687
852715
7759248
4406569
6143686
164870
2952548
1687805
6249441
7332617
146567
7122516
1396902
1735561
9727171
1750001
3527579
2321496
1666383
8346276
5798884
3989213
1701632
3297255
9960398
1742741
4499618
1855803
6641372
317362
4174887
1449583
5138434
8839207
2209525
9801047
3389172
1206763
6201853
8535288
1835167
7348714
1547190
1848298
1676611
7573717
769386
7123071
1414979
1265654
1559405
1455539
6405079
6740554
3171599
1909442
7673020
7907776
3799440
1459343
3898284
5980798
5190504
7540910
651906
4253935
1993603
1471656
6461551
1941140
3530617
1937735
2752460
1348291
3144380
6342612
3490877
4815656
4921137
1714618
9443166
5484880
7133391
13278
1525181
195742
1453931
3134214
1998187
3147857
340266
1354134
7818894
5895763
385940
2544469
5395834
1394265
357469
2653026
2270265
2111413
5653984
7957386
1236452
3807541
1872266
1890587
2122641
1384388
2958977
9723177
2239458
1887957
3536154
2219310
1423141
1505835
1582188
1741824
1468351
1968386
1895657
2992848
229009
1983281
7148520
5181898
2133955
1290316
327468
1182503
5469092
1677322
4102155
1697627
2879388
2882858
6522400
4538838
3570102
2997268
1706044
3715091
1163495
21416
2203333
911524
5571849
2278493
4823359
3557174
4126584
1464411
4145011
2475217
1996130
471166
1373191
6223577
2532986
1128830
5579395
1531013
1415596
4873787
3485815
9800077
5870889
1665456
1394264
2374474
2155691
684712
1842083
8871899
2803220
4775378
4474958
6626616
4996843
1329928
2753201
7648865
1756121
5953190
279896
2921413
152575
1237383
2894641
5639609
2266753
9255290
2821471
4193473
9338486
8904571
2613034
3747929
2909923
2302283
3889772
116758
1199181
2954567
1265599
1874924
1770254
1862140
3732491
4143483
1735312
1780879
2337690
4600024
2372082
2588444
4109787
2379030
2495105
1441294
3734251
854133
9889154
1709214
496148
1431007
1223014
8383460
1143142
2319288
3210472
1640791
3592314
7342429
7881305
1717038
5491091
3380360
6680562
2518922
411023
1462240
4915611
3700992
3560265
5917831
1305763
1329480
296927
438724
4735079
9111215
2254429
649640
1589527
1686485
5954826
8157067
6974962
5478824
4196463
1624640
4522702
378258
1472025
2662175
2440825
1861120
8944935
7634361
1306289
1768974
2179632
4497073
6283840
3279098
1286262
1914950
4454321
2685571
8679347
3141183
2812339
2267848
5204130
229846
9532261
2799035
3234916
1173956
2362573
3734880
2762441
7348606
3724315
1176185
8115805
9800947
5731202
6424723
4410345
9852125
1405582
2177509
1787818
6247575
1632174
2119049
95802
4360860
1918647
2252161
2882251
7911126
6767433
5574246
1212911
189649
2624319
1709642
2863723
426548
741463
22688
5602173
5689600
4998011
9429166
2804336
4408675
1743870
7395488
3487642
1869461
319291
1852333
6334374
6570478
6156839
3659873
3673686
5957388
3553867
1800148
3388256
1349853
1827147
1362642
7383031
3974598
2528734
2948334
6552466
381159
7234356
1827860
7814647
2782969
2263010
1512298
2443875
162766
1686912
7186870
2965104
6112094
3257076
2149682
4197360
2657382
8617499
7233743
2858282
2918459
1369688
6118003
3270595
5929336
2977667
9890590
2472063
3180391
3294051
1424839
18937
6621652
1616626
2248582
1365650
6331142
3932715
1588452
626046
4935321
9817161
2634683
2941214
5573032
4169972
1718093
5292116
6722896
8473689
4151413
1891502
2899807
1857727
3653074
1801472
2334074
1112646
2912496
4340351
9135979
2917530
1960646
1746460
2191225
1420917
337471
2535175
3677787
7617270
3553508
1168780
4545062
5670011
1821851
7813465
1220655
2951560
1297641
4629381
5596852
5919345
4697315
2377041
2458924
2637441
9149988
3772466
6942398
1370903
4524768
9471220
545916
2266890
2365766
754462
158649
26517
3158127
9925029
1757404
1771100
2499663
8418608
1599242
1799942
588889
1371641
1967845
2812776
3945143
8654351
1911022
196886
4315343
4286833
2609234
8785087
3838506
3286581
2852932
1283905
6597300
3989392
1490253
2511996
2249178
6235093
3209979
3537256
4856765
3129479
117286
3854207
6146575
1703022
5720805
5481247
3382706
222218
7414853
1485880
1237394
1936862
5270457
6712648
5537110
6819348
4218257
5404188
6577532
3691547
1496116
8312577
1997579
4556688
1234632
2589309
4308725
3441317
5259063
7963564
8985513
2856925
254619
9909258
3288310
137941
8791268
2137801
1417972
4103204
5496116
6800531
187962
1610239
9576123
3139183
360994
2892970
2455139
2698480
1505594
4756435
4447898
3208128
2746464
7125810
3564277
5390078
1915046
1619708
2380549
6908619
3989620
5877514
1981290
3609397
1834405
688429
1816264
1544772
1825577
7298453
1593512
8618798
3778937
4682232
2202978
2194000
168038
13761
1758144
1697267
3400312
2823804
1123122
3347218
2470788
6292768
1807407
3145973
7360925
2183275
2270027
1707898
1165993
3891721
4545584
2260259
3876563
1294857
7458123
2478760
2279264
415679
4408841
5354816
6345453
8418748
7604170
3130434
8295260
1943854
1362918
1234473
6162869
8154658
4533034
2598978
2915181
1315767
7667000
6644730
1591450
8733137
1789866
1585892
1124190
4820848
3697781
6405444
788396
4889380
1117746
650293
8801998
8437990
1588648
256390
5813477
2178929
1600957
5421560
3587365
9483770
5705970
4106876
2823233
9961175
2564569
7774445
2834321
8892340
4374824
1214661
9195516
5558175
7362801
2213308
1612744
5359590
1936539
3522340
1916848
9637240
6258090
8173554
17206
1970118
4761275
175865
3845718
5714643
1858233
7579611
1682769
1102742
4426748
5233457
4120690
1833055
3666495
1948269
1289487
1118900
1628708
3607073
3389251
163617
1751273
1269090
6842495
1702000
4663368
5178364
2522677
475292
2124249
934908
637264
4144541
6232804
4324801
2703016
1499325
7448849
1260252
6364344
1444405
8356001
1732317
6819479
4112246
3402278
1389001
3494392
4396968
1503010
3415009
1695554
7790139
4627567
257166
2303161
2998483
4698991
2420890
1577157
1305967
1282334
1487139
8496885
2741239
211870
3743968
1891450
8239614
1838774
813605
3601910
1561439
1823458
2103478
4571331
2564828
7513999
7110762
2921305
1666608
1126202
5402114
3105417
5434462
4847213
8672350
1900051
1424785
5559968
3981433
1779021
1958443
2423895
2860848
1680017
4952051
2331126
4972268
9746025
4734513
529641
1962983
6549677
110160
2346380
4546502
5707195
1431313
8199936
8707044
1663038
9247369
9699706
1555934
3199995
1750980
5661809
1894079
7418039
1899616
9354228
2471567
3300029
6395922
5303196
3920550
448440
1214
8236282
9837418
5944118
1729573
2972193
3218542
1672447
9801875
4748489
696552
9447293
7668146
3662560
2482689
9753464
389985
8823804
1930209
672779
7461123
9824264
6924738
6555873
1874359
1711753
8938783
379534
1467289
120373
3360022
385972
9149588
7395838
9708277
5655694
9878648
1912018
1500103
2653441
2931211
4656283
2933084
15446
2221683
1795565
4962198
97177
5705252
1410983
3177590
3584884
6510166
5941005
1164131
3461031
3782149
6634861
5837207
1553930
1758562
2967584
7685093
1970680
1425866
8249233
1494857
2779469
179749
3441948
3118003
1715965
4376896
8450061
5746228
1282774
2584556
3547137
2834848
1695851
9450620
218067
899984
4871747
1984375
2547967
1993748
2594281
3599055
4897102
3986436
7623281
8131553
9323829
445221
1604195
174802
8354578
7639834
1388685
4906383
951419
2617779
4105139
5381404
1212116
1856296
8817675
2599220
3731637
5357137
4447183
314681
764691
3303837
2290015
4360666
6127346
7423471
1667505
1234733
4405676
2252990
2929189
7959652
235806
2904191
8110084
3460495
110006
7225449
2948579
2464272
1121292
4863614
1542823
4766258
4382407
3176851
4695459
3806694
695939
2634538
2530439
4596942
2953720
4551444
3515862
4260413
1780157
1605975
5441753
1464817
1117375
1199651
2868466
252329
192120
6429782
2428150
7352048
2508027
5158624
1926251
6535383
3387288
1750794
6586981
4678696
787360
1269785
2511121
8557477
1846794
1987585
129733
1370281
2247580
1685195
1122473
3241436
2381837
1224171
4113054
3393772
1960337
250419
2357012
453356
1150008
5533623
5648481
4794914
3384297
8492122
1820082
7913594
5705425
1358654
6395152
6234595
6544434
6273725
3860005
3676459
2827624
152419
4344009
4290863
6491412
1371238
7616743
580228
1388122
2382379
1724564
4690028
7210829
867927
1534977
4723751
751532
1848674
4846044
2852758
1138886
7172938
472914
933431
213762
1333454
6694637
2850661
287697
1990717
7229867
228318
1163530
6399459
1169837
1151819
2793286
3409139
3112661
4497581
7391925
2701950
1856162
192651
2642212
1446852
2634980
8523661
4268861
2281303
2721487
326031
4903676
1976003
1205126
1296398
2216263
6428566
3862989
2668830
2634259
1269533
2262675
8334974
2158092
4927315
3126602
2335136
2419251
1734958
4232737
7954627
4784760
1873329
6514666
224083
9515954
4462857
788069
8468076
1188930
971267
2502611
1681644
849869
2343629
8791640
2152410
2794802
9270627
2435284
3560496
1175407
1820888
4676279
2749245
3309504
1490431
1427191
4356897
1822245
2839647
3148619
7879648
7850929
1681951
1670472
1351931
2869408
5270155
1299976
2110029
2378826
4539561
8886037
2655601
3998952
9992160
1967518
1414226
5247439
169880
2116932
5493614
636629
2656764
4728738
2747240
1422993
3246198
3616637
487400
4419363
133079
5374058
2441682
8547053
1329625
3129230
4915612
2971609
6475053
697475
4414967
1149869
6396760
4181082
7285950
3112770
2418091
3145289
5911398
9455558
1166689
4893494
2812860
1881202
2422416
2822922
4374750
1718965
1332332
1161026
588965
5464332
5163115
1240259
6964640
3224537
3540509
1521619
6108785
1442985
1536443
7838672
5224123
3521987
1469066
1947036
3988909
2755660
1503637
1212656
1645902
3263245
1880366
4644112
2507782
8373172
1198278
5917101
3745161
2221808
142847
6664014
1829454
9357169
1275705
1836929
4612661
2678802
4234567
3791340
9786421
1785331
1839428
1568267
4871918
9602023
3184425
8143765
4636990
4622726
1308764
118295
3126669
1608884
3358495
167017
5264536
2514242
1828185
5690254
2366483
150016
1954401
1674516
1437885
7477897
4638077
8728371
7578614
1204365
9807136
3267960
5357514
1307
1150009
2479785
1680122
5135402
43605
5340424
3886649
2845033
4913182
4477085
2158452
2264094
1187184
2115701
2364639
5850312
2306316
393812
4126101
118958
2973062
4785492
4998303
726546
3951842
8705313
9678525
8452409
4244046
8308136
385542
4559912
1733243
1931612
1256343
6159069
8759690
1253109
5545477
2210639
9179551
1611619
4677465
1341440
921971
1732954
5890480
2834742
3736964
437054
5405514
129305
3945740
546811
5127035
1466241
6796151
1584176
1245180
3622425
8392220
1572445
1584610
2979722
7827625
1907957
2597948
6559643
3187615
1501047
2657179
8949276
1260545
2628393
3522540
2704998
2258880
6818400
7122028
1633605
1237901
4779418
6139357
7312360
138024
7163038
1988176
1752924
3783351
1563228
5184507
3695898
63625
7876524
8871919
1655740
7421574
7337119
1575783
2341440
2645844
1348876
1414354
1731522
5724250
2125235
1622491
2520943
1287895
7401084
1987409
6926782
1331621
1341705
1483314
1400603
1405960
1723128
1383825
1935208
1548730
1872787
1385019
5659605
3201580
3153558
5478185
4284326
6395626
4695251
5708731
1460113
9651276
4397704
3969218
6878809
2395269
1803795
1719256
2659095
3421579
5869035
5661287
6178647
3203243
3561727
6642516
1339739
3686452
1701437
1490778
2225177
2140479
4407727
3409418
1482776
2599544
6616477
8190651
9646443
1767640
1393837
2119411
1869385
1629407
1930996
2217356
2288644
6304013
1351281
3184661
388143
2742108
2809500
3933881
9891294
2307763
5759291
1470516
1288760
6185830
1166854
2794506
2631297
2527103
2534950
6550388
3708376
1639510
289384
2317552
2683153
3659347
4981725
3634522
6704224
62025
246485
7221564
3644231
3203969
7519693
3668231
5632086
6745227
2436017
2498900
167553
8906370
9294424
2526702
5795660
1850670
1302528
4260321
4225388
1498094
2887406
2172102
721172
9872549
1446173
2111385
2453979
2382923
7425392
2386154
1869740
1677832
6976308
1964345
3744774
2951524
1812310
2841302
1746710
1478173
7982707
386156
1571911
7416735
3739693
152647
6677999
1260461
355572
1271256
2841043
2760370
1989885
9443040
1621185
127204
