7865689
2723395
4403223
1636761
1370489
767389
6987489
3616268
1550934
9325815
3373935
2552974
7286252
5246246
5352483
2625108
1165422
2509312
3564902
7779503
1849931
1525942
2851856
1890329
7771715
2868396
482323
1277915
4443843
3305964
4788018
6559151
6377338
3901754
5519843
5541371
1780363
7451313
1873199
1399774
693399
6782386
2500679
2788365
1991565
169941
2793256
1129604
1737926
5203793
1234462
2775115
377932
4498426
3353273
795764
3425246
4853390
5937321
4825560
1455355
2993550
1123454
3801634
8381088
1124673
1326023
6643882
7258683
1566426
1635764
656209
9231131
1207300
4113590
5976568
2699747
134757
5836798
3421162
2429563
1316583
482808
3835647
4682690
1936461
6700868
3502459
6158309
1716164
630084
1123942
6272406
544859
2932036
1466582
247186
844333
2154397
4136848
1219586
5187155
3216036
2778715
4889446
8131592
6991255
296618
7671245
3777298
2554456
6875257
1193914
6944462
9859392
1576115
5794010
2999153
1845064
3410138
1495633
6419246
37175
686637
1637403
5146011
7675761
3582508
3770335
7655505
163529
2988169
6958376
9160328
9444754
2420780
4552613
9385509
2807791
1988675
1148425
1583294
4946360
6758328
4473898
9989880
4178928
749773
3206821
8424218
2413618
2371404
4178324
6493707
1275041
3895202
254538
1853193
1867391
1464796
2781239
4972527
1391041
1470522
1353878
1605266
6169245
4460380
2908898
22537
1103769
4145401
1126096
2997127
1968290
2222401
3800815
7518498
15883
1282407
3922914
1963583
4787978
1154333
2859711
3966765
1711349
6344445
7814612
2569669
3829325
1645912
2722352
1873869
1410063
4836644
2628018
6773282
6806298
1482686
3802964
6614243
3919252
636790
6896014
113247
3106861
4350918
2245367
674174
9136067
2554997
4705245
4259506
3217923
7895007
1830690
2297393
8106191
5593974
5637376
1355820
3240442
2914851
7401705
3812834
7747803
1685543
2470123
9565285
2147180
2257021
5409297
173276
4212280
9822719
866417
2991664
8513426
2128860
1970920
2735463
3860478
1544035
7876640
5202725
3426050
352919
1291969
7576318
1380404
8341669
4339084
9882009
1282326
3388280
3515578
851447
4365402
9938656
1235879
1173176
4255842
435672
1376292
1632337
2175336
3931072
1168529
1899999
1897688
5560585
3376167
9100611
5960536
5648528
9488776
5649520
1371310
398712
3831575
7529087
4129176
2880019
1817097
3314475
6386021
1531921
4736463
3118358
1790985
1642439
4720099
2720591
1337726
3179613
295216
8746335
3758394
1870666
3855787
1420688
5992792
9723436
4675621
3496871
35522
2970305
2128996
3975863
2908233
1550640
1919448
159306
8949075
7546328
1997655
5870918
5863211
1201134
9999542
1913573
4201244
1424443
9591686
1169438
3956751
9262754
164776
292141
4658734
1242465
2876198
8364621
188564
7341694
3547812
6539834
5545913
2995447
4245948
6403371
7431640
7243231
1694420
839380
8620673
241186
1916467
2744385
693378
4853431
1688614
1205482
4919976
3390682
5768754
1337430
7405681
3487560
2202553
3321019
1862585
2703295
1558736
3817692
3519173
182104
6734316
1173923
3437011
177753
1510273
1452760
2769385
5793781
8215526
5332384
2166854
18886
3535013
1429357
3109956
2332313
2612565
2551079
1630173
775287
6105874
2851504
73275
1697735
8931664
1254614
1325076
1410620
2741147
6545069
2795318
510047
9101360
1344332
1905416
1169789
2825567
2171558
2884984
8891540
2257998
5255721
5839804
2660662
3409832
337927
2295611
1220224
3410467
6766835
8693073
7437822
2524152
399187
3635982
5132299
9389888
5669805
1563764
1985781
174057
3721270
4495755
2532895
8267318
5383424
3392987
3772824
1844772
58624
2833705
8576413
1565673
2388929
142474
8173946
1513381
2684612
2656317
1603788
7679357
2213629
1318773
3564273
1302788
160111
2935068
160738
3647212
2349598
1707049
1217412
245131
1262583
3610696
416475
2590929
7476473
1373207
2298222
2977425
5825842
1437696
2414320
2268934
155863
1291101
3185680
1894168
1786711
6250432
2775220
4269916
3749317
2154528
2784167
8254514
9437629
2454229
4829640
2959842
1291832
3720106
2981981
9302980
1606923
9736980
9608450
3466030
1615061
1863072
9539197
4118972
1316627
2883018
3970883
1649644
8468177
3701174
6906815
2364531
1184020
8446437
4704383
1990879
3207757
4445952
3614676
4840059
5570226
2140313
9107557
2418689
3350067
3133603
1192850
211115
6563405
3113552
2394616
7684657
6800570
2502514
7986453
8120096
3949849
1956027
1142032
4539919
1200076
1642118
8688141
114477
1857884
4695975
7179774
1813656
2752065
1780817
3484652
2966219
3642328
512542
6406060
3689125
8201683
1412387
7240917
3602271
7391234
5424924
7567516
8977427
5990416
8907194
1261177
289928
1102989
3479961
2955082
9549468
6188419
5437208
4181059
1158941
428150
4145048
2138323
2504765
6702986
2750390
2748480
226687
5915152
6463411
5751519
322949
1669982
8405730
3435063
7741244
9719003
1227923
1298857
1157841
3658195
7991457
2322776
4969281
3146093
6844939
544703
5380056
1499431
2527707
3760467
9967914
19242
3528057
554577
3120452
1311168
292074
1342770
1745393
1144188
7622951
2863452
6244621
6426850
3704186
1961708
1871015
249458
4662421
5488608
4651680
2144469
4702175
3354251
2580396
9642513
1796635
4816229
4256391
1842110
4951405
5849479
2253985
4729417
9803731
3466668
413903
1882273
2262804
1640180
4235994
9472644
2705245
3564228
3838073
1899788
5747305
1152479
4392882
5345390
1688975
5540926
775366
1975964
160790
179324
2417186
8917432
3587935
8435149
5174459
3867470
4273478
3271742
1135371
2925451
6198842
3534799
1142852
9856714
3107623
2311119
1139472
57636
6667969
3356059
3949011
638361
3498273
1426376
2701871
261704
5206525
1370567
3739359
5791623
3840364
1293629
1133225
2595829
2419752
3653992
5272466
1536125
1773533
5508677
2393642
4387452
4775952
5185717
1682736
9750899
2159607
1141519
85132
1297524
2282285
1481376
259236
3374709
2193779
1132771
3297592
1256002
1549087
1505793
1724582
2888056
3851002
6309903
1900023
1265580
8701993
4357392
8753315
1395688
1310294
1782845
7410934
6403474
1863359
1711952
4230407
1756659
2726776
1529620
1933343
8569537
1647098
1468394
1146664
4911304
3411891
4258173
4745871
5854294
2151823
414696
2365523
3801472
4548600
4407355
117156
1950500
1546902
5236477
5372924
6684194
3489061
1989877
1863127
1855682
2185868
7614671
1435375
357542
1179648
2333224
165764
4855408
1793315
197298
7373396
4799763
930275
4517912
2122133
1565940
1913448
4941234
9597954
3365041
1781965
1941231
1632086
3990365
1275337
5237976
8237805
1881873
1637154
4661253
2171691
7658552
2179270
125283
5211377
5228703
2344928
1172317
530999
754132
5492219
6234631
1683639
1615512
5462877
9999123
1598043
2876014
119760
7295867
2686395
9147287
3473933
2581266
3312848
2321639
1468538
1582303
1592521
2958524
3213278
9750085
5427318
2764034
1490607
1868466
2545802
4409897
2810568
1169876
2174796
113643
4643063
9354756
1989218
1643361
1161227
644587
2540700
9966569
2981605
5724662
2165738
2144179
7241463
1305664
7918874
4376794
2542431
5593826
1174901
2413872
1940849
2874308
6880144
6923902
8638966
3394402
2113983
150958
3927768
228526
1419788
3700165
2727982
8921497
3692482
2604449
1136782
3544749
6383003
9166428
2800741
8546207
4628401
492685
4229239
1921908
5181415
5412320
1452811
157021
4994417
1104174
430014
4298710
4687746
6471934
1267620
2222493
5594280
7978501
3204523
2188105
1639942
2453211
1424612
1908199
8675845
3253047
1618609
1965521
2879793
2268439
2159166
1425919
1280926
3143650
7341061
3956650
1410031
726582
3721212
1782852
4244956
3851151
2149364
2450808
4412637
2699038
131683
291539
7335927
2845846
481767
7137902
2456724
3904746
5901132
6865127
2418472
3441664
4556117
1863600
9731981
7332386
39157
3309878
3632565
288445
8320120
8137377
1146988
1413816
2736173
1454216
190086
1931631
9815754
2835374
234110
1551190
1200847
5756313
4862359
3520108
1526036
1831613
9959915
676896
3200747
7599299
1502791
1310693
5449941
4372092
1976536
2493986
2408767
586189
1987056
2652545
8634160
1880040
179449
5770062
3116332
3865347
1592257
926516
2185226
8340435
1136773
1319018
879474
3217304
2254797
319332
6548930
7308812
1511403
2874711
6677093
3656725
126457
1665001
9341526
1900598
1400737
8222882
1636628
2235994
1921931
498196
7722312
3743906
3928330
6752803
1782292
3806254
1697344
1696441
1861403
1982622
3211866
3865350
1187252
2683450
2739813
1369274
3295451
7827421
1936067
1287178
5115880
1902060
6386762
6356597
191158
2196300
3870233
2860965
1349806
1313857
2535348
1259418
2704144
1428926
3703044
7457488
2936184
4976788
2550384
7964483
5175087
1276995
3965551
7280567
2600882
6425360
455727
1412354
2263355
163350
5282344
2414420
7167025
3165741
4324509
1187248
370644
5462238
1877498
353814
467942
2731709
1658101
5364826
5848280
7509267
1875443
2736507
9283990
1626678
3407092
1720667
3600769
6168546
5437009
3416858
1792870
1758132
6709250
3437907
1901948
3710401
188002
4308223
3771398
3675888
1435226
2649616
3319452
1805584
2797636
3727209
2914201
7184470
241373
9959161
2688015
1193575
2890192
137721
6983303
2450758
4890710
3606622
1391265
3125303
8936033
294784
1423677
2962757
2587060
335226
1155837
4838198
2843109
2402905
2818074
9815572
7516355
3224632
2529487
298980
8810526
566997
2540195
5371108
1655992
4986851
130727
2812522
6644523
2399585
2612663
9692652
1541984
2232404
8644535
3133205
1410627
4201663
7800521
9110259
4948504
234920
2714792
2593054
1305868
6954148
780333
3695848
1218041
1522636
3508184
3434651
2646272
3292299
4983972
1266244
5476319
520023
4934328
2780558
4411040
7133357
4573173
2293457
4444473
2618788
6605964
1845627
2561531
1766117
2953646
1571181
6849079
193055
2783537
8706733
1871206
3561907
1919189
7638753
2433767
1337777
8998169
1729412
3342595
8977912
5723491
2635657
9143127
3457032
3984165
2124075
3178485
4884944
697632
2627108
16738
231865
177832
5242664
1565581
7775361
1709066
2580920
6282774
3372372
1895152
7109974
5948601
1239596
7775916
2560910
9495633
3253699
1523008
6751350
1392859
2893916
4939055
6845131
2166008
9522846
5501582
4781505
1709512
1418155
5199687
1466512
1331533
8180477
5123976
9783137
3702356
1757125
2535600
4920325
4658573
4833407
9879870
6801215
1458756
3986253
5167949
7434336
2269903
8904950
3250502
3531775
590025
3915447
3672196
1458911
2374401
1773078
2354651
2750939
2219685
1797881
534971
172636
1350603
2904840
2327350
7236821
1366981
1599
1951375
1235863
7791892
530433
7131633
2504539
1199912
9201856
7468965
1319805
4594284
4829646
3378493
2875912
1746871
334248
790712
6418162
9751870
2505953
7665106
5146172
1819076
9513288
2290242
1435392
7861499
150330
3110704
1563081
2905692
7102329
4493639
2155395
4938420
3617963
1988130
8763537
2730068
3774574
377587
1966792
1592922
6908080
1216370
1960289
1483843
9930251
2785755
5515979
4960604
163598
1167359
9941297
7477380
153276
5927298
1640629
2130010
4396212
9654210
2552183
3199208
1406334
2897876
2771574
3997318
7996879
2316327
4676330
3867111
7974174
1500023
1265112
3131515
2326083
392189
6356874
2916367
2849221
1139399
9429135
2765003
2715456
2652511
4239176
7705981
2154646
1247599
1851398
4309350
6472249
2576829
6785655
6837495
5735918
3661719
1260455
1910413
8489559
8639569
2982039
1118427
7477527
1699315
2689570
5166949
1535926
1481255
4798816
3488831
6106270
3975440
9156077
4200820
5828481
1921503
2467538
4836060
6912637
1843421
1747759
2493277
3463916
9484353
5364926
2946158
9411911
1221957
4376864
1781575
6283799
5450642
6495201
6970874
2441003
1713910
7865830
1859669
3803370
821708
3123188
2892521
7709651
2530170
1216349
6138432
1189283
6224821
1171336
3662689
3600996
2412211
5258209
3845260
1765772
3207293
1829108
2625170
9612963
1982534
2462084
1467444
9548690
1279593
1611789
3559170
3451996
936946
8486636
8395436
6131048
1545762
6372532
5346164
1156280
1209956
6101857
3489683
1978048
7735576
2660756
75149
1780481
2329351
1228271
2256512
4625618
1691308
1830943
1976676
1653625
1245647
3657260
5525261
2751178
1418214
5356790
3961332
6448168
8417669
1240616
8207409
1488019
239080
3851856
8662764
2956604
4801692
1525764
282134
1661042
7520402
263705
7642726
3283355
5103293
57409
1940255
5976760
4999191
6346514
4190617
4739113
3138496
4383887
3525439
9447693
8704044
38538
8109982
4311522
1882961
1926293
2333046
1316395
1257107
1281548
4430552
1104433
3379560
2812271
9991428
1103192
1683107
2472612
332718
1423747
2232668
9825760
1114729
9309340
5675423
2287305
5417017
1847253
7315955
2982585
1501798
5130849
3915810
4408415
2281515
1144621
2854905
473068
1482056
8215982
5272875
1639611
2922894
2231140
1558142
4977834
1177457
3452260
2116391
7832058
3386576
5980858
436154
7847659
2898405
4312264
1975400
3951272
1159357
3609526
1944524
2142477
4459078
1111961
2498573
4244369
2352488
9318173
9344648
5397685
2457256
1993879
1156894
3688524
3513873
4770878
4730762
6530427
1272457
1506489
4240825
3876093
1911200
1225427
1647384
265838
4251029
8649591
6731882
1942231
246664
2164488
3764058
3610491
3494718
6661267
1350421
6188628
520046
342649
7838420
6970940
1400014
6561491
2602629
2215393
4417945
5145799
6760679
6192317
4972034
3413065
1454812
4576509
4978469
1407441
1435330
1671936
3820590
4257543
3946506
1456526
4693432
2394992
4959177
2840953
2263823
1983700
2537027
122106
2258748
129323
4389656
9395428
3643210
365263
8268564
6589364
532848
5414257
2853605
2319559
4257868
1861601
2764128
443385
3302295
1193111
7670545
1613506
3743095
1395868
8107731
5196237
5769425
4159414
214435
1325363
6687762
1857256
4739634
2900977
4317467
6414619
7505758
9966292
2706309
3336037
3855405
5347937
285294
3730443
2602163
7431636
1160620
8715007
2614469
1843288
1544303
6793992
1931940
1140924
5461700
5209254
9256020
9305401
1161969
2901536
7646443
7644907
4542220
1800506
1117169
6699081
2697066
1350757
3471822
6352382
3687940
5159704
6663368
7735621
1657657
3688993
8845017
381377
1462531
7345445
7244102
3643545
2294651
7707823
8915119
9198279
1664955
1278807
77544
8470727
4665936
6286088
1634576
2451353
1847361
377064
1305352
3200307
1307109
3406706
1174562
7573172
1373691
4173825
5256784
9737354
6182833
9217747
8842690
1625998
1914996
289395
1787894
6127943
3262338
6162596
7904367
4347036
8113779
2209808
279792
1328940
656272
5421297
2320153
9294280
5965353
3455843
5506591
4512899
1276731
2343417
5121367
2754081
2739053
1260157
1409424
2811680
5137752
1958484
1144422
5109277
5702622
3165740
8172854
1511121
9893185
6424387
5118452
5847206
2710187
5762599
2980419
5885067
1374081
8197937
1200765
1899736
4867917
2192919
5414448
4730838
3359537
9415449
1703261
1973278
3882891
1374248
1128053
4110788
8546406
6151622
1284416
8606527
4908249
1418656
285156
5963235
1895428
632950
4528036
6498750
184743
9957993
871517
5520925
6393217
1977533
2530332
1477165
1450742
237236
1640948
1668342
5916052
1356082
4882663
4444582
1983938
2995908
160489
2409765
1505239
1158577
1552204
3914647
5546775
1297531
7808892
3805616
4160717
3274388
5673669
3805504
1933496
3349600
8900111
796596
1549972
1679413
6671389
2368913
4353645
3561490
619135
3892009
1928517
290834
1126512
3403457
8961710
1448282
7846466
4175849
1530968
6106517
6144674
3812875
3847135
2833880
1974602
2508500
5548093
1232448
1679428
236448
1846669
1937159
1612579
191701
2861648
1199555
3683291
5196964
2375943
1849208
1923073
6408543
9461748
146630
9302757
4539095
2436713
6890206
2872561
1624591
8775576
2445592
1120437
6787489
2289332
2959950
3619319
2167836
4826124
9225812
624684
4201403
7722064
6414179
1954957
1752954
6334945
2938790
1545172
2613379
1709527
6681480
185138
161914
5622401
8412050
5397530
3239488
2928477
284092
1876662
9579147
18683
2833813
387033
4897919
2926638
1642740
6277294
5620083
1314790
1161765
4266968
2122018
3521301
3175502
1479063
6147727
3528805
2922658
1893466
3497871
5131
1761647
2592150
2964551
3254479
1681354
4628635
9632838
1358083
2778837
5913340
2860955
3187539
6298827
3678348
5369564
3403720
6284623
1398939
3876138
7198931
3858417
1270248
227288
4248549
3308224
1934788
6284169
1334073
2332610
5624108
3360801
5789719
4748549
1956404
3961962
5440366
3422927
9577921
2435246
1301877
9690693
4799858
3795507
9545522
5778889
2551837
8263534
215613
3129501
1832850
8270448
1124958
2528542
3313494
1767554
2804581
1649356
2451581
3570825
5680563
1765898
1185119
1728055
2339720
1264910
187402
333994
5122067
2622915
3515301
6885158
6181417
1356837
3350571
2198836
3125115
2350749
4820418
2251044
1947162
9187384
3989620
5491225
2729511
2561716
2327125
4134887
472763
1334057
9901536
5961822
1614485
1455010
4639080
169854
77776
3138641
175561
99702
5818015
143597
1567669
2951138
4465513
7674946
1265761
5439047
1401367
7334302
1896882
1618860
6988521
4137472
2296382
6586817
1955216
9709931
4621782
2126879
2895960
1808850
3796900
1994416
4718162
1681690
5778758
1170032
1708530
760511
7242956
8932641
4606552
1425868
1655150
1251982
1857703
1372442
7822229
2790888
2561079
4482154
1687136
2765128
4823363
8277852
2493011
1356761
8809176
1990831
7662564
7290579
2161938
3485806
364350
3490910
2807202
1355110
1639174
1821087
1355707
1904654
2900727
6531001
3311017
4593580
1147344
1999153
5361682
2512224
2586367
2229922
4724416
1537128
2685187
1307179
279806
4320203
6598778
2608270
6680536
714100
2560323
5315115
1813889
4138274
1872673
4352066
2994865
3626426
491153
157213
1769470
1812650
7801272
4266709
1847981
3733023
5496931
1750648
4179296
1650627
1776697
6696666
4364919
1987890
72201
3469221
5163151
7608060
1227389
8263966
3226231
4806590
5787182
1774731
6448424
1551151
2293572
5168459
2598100
3990815
1686202
5939077
6432831
1244904
1684088
2499251
1182121
8782696
5227579
513021
1749692
1993069
2282347
2489763
1671595
1608635
6959243
2479571
2440564
3195734
1416875
1603590
1717812
7285459
8921954
8226993
637268
2777231
5683600
159725
1875089
172585
6740554
4441771
2931208
3115832
551296
9161679
4412895
4728137
3681339
2630450
1124277
2511935
1192163
2435943
1796387
526441
8877671
1529632
3281972
3604588
5897056
1145715
2599096
5622809
9702801
3520993
8879233
1348619
5114317
9314163
71082
2729087
3907658
2844647
3783472
7612319
231258
3951794
4245210
4358916
3438016
1663210
383768
4746021
1671356
1483625
256499
9684142
7617521
2818626
1771293
129528
2207891
4179270
9468694
1497637
4110010
5838900
6305816
1203884
4623707
9220284
8559844
3947609
1779789
3815088
2993427
1907419
4994665
2797459
2364385
1350606
198338
7556591
8279652
2267595
766169
4407999
8259252
1749360
8549442
672787
4990936
6118519
3235048
1988299
1141367
2820384
5116701
2498419
2600197
3567498
9124569
2897350
4557034
2682973
4697559
6110356
6122704
5725965
1720091
3705578
3303683
5128282
119533
2718321
4262517
6702258
289978
5658994
3299595
1389063
4949576
4725860
4947005
1319493
128119
8839979
4115823
1311411
5368624
6796214
5110463
7988572
3872137
6232746
1447301
111350
1437395
1811954
1293384
2834858
1697985
118325
5974966
4236095
160749
2334630
4865559
1660843
1971128
1687754
3862448
3970836
2788399
8812532
1674881
5475502
1187979
3329212
3926361
7812593
7517191
2553377
1389374
1641211
1686948
1196745
384363
1515866
3985416
1611201
1348074
2726242
1558211
1824325
7490726
2330748
7877815
3657728
2911749
1372956
3532012
1745270
3990666
2452811
7750978
2242391
2451071
9794979
312023
869124
6156867
8408540
2108436
1897561
2365232
2793043
2495227
9991163
7869825
1911186
2782440
2837609
23718
2314364
1803437
4988332
2928536
5906930
3245548
1799319
5660905
7640124
4522139
5730453
2506695
2309120
3479709
8672130
1830805
4241756
7802917
2270078
4664388
4672973
5242951
7864335
1245535
1715688
3940177
3384468
1281853
2348199
3424302
2893288
1872627
64426
1307732
5962912
2555206
1406448
3909970
1818246
7342908
2792778
2829330
571153
6356483
1554348
3342426
1284242
7398681
2984899
3151343
9738262
5970350
7380766
8880768
2263186
6258367
1340090
4222214
6426371
8277235
1578312
1458250
7452034
182333
5255682
2197703
271776
2463930
2972153
1100965
4666075
2755643
6287999
1523499
1338228
7323987
1863512
753361
9563372
345753
3204498
1881208
2658741
1881515
7462285
2892137
3944712
289079
4398026
4589506
298973
2811042
1360002
4391706
5626422
3928788
5886439
8333782
717888
1104764
172670
4942566
1317395
3112842
5545718
1561192
1840279
5323922
5623407
5167617
1786661
2190782
1321815
1367370
4635871
5496249
3233827
133955
342175
1179047
259663
3223833
1305838
774088
2119877
2878865
3527634
1291527
1704822
1335022
2281028
3295214
1119656
1644226
5681044
3110248
1558093
6641784
1925947
4968434
5150055
1591981
3430771
4728744
1909128
2644540
6122701
618563
7159260
1986260
2212007
1664395
4436297
4471606
1456085
3689908
1380954
1987703
1269536
1285466
1398417
144732
2990474
2680723
2451451
3269825
1402646
1655351
1341958
1858119
1549450
9417577
6198206
1532234
2789791
2279748
4707020
2138032
6405375
1429011
946069
737363
3389210
2920072
8942468
3311731
4721918
6967876
1844818
2729156
6119759
2541671
3730801
3859831
2703128
3432270
9620132
1347955
7495666
8107170
8534523
649499
7731777
3970566
9627051
2209224
6974910
1348898
7286953
2907955
2505842
9702074
2101306
6147302
5538798
7570312
1218258
1236114
751445
2272791
1293721
1923245
1139897
2854698
277840
170479
1136483
4150631
1983888
3905532
9324185
5381414
110904
383218
1905123
5288980
6558174
486825
3305859
2511106
1198144
1763560
2221204
645482
8265431
2718015
2355937
1309882
7468420
7495806
3330855
4210453
1815015
2609837
1104130
122253
1629825
1901267
5491479
2391087
1750698
1922164
1379211
2462601
1232608
2425144
1806448
4733071
5306146
2133245
1765314
4262871
2453636
3483576
1737952
189282
7333368
1430879
7645342
8593592
4663230
2166394
5686046
3291317
377416
3504154
1981606
2681967
1854940
1828025
1153478
1774769
7346578
9709857
2362006
3305203
2669854
3730895
1212880
139419
191750
5505572
1830122
3210219
4959923
7204629
5760470
266361
4692504
2122700
272620
4569330
5304674
9654382
243091
610719
1161691
2328479
2416383
9449111
4742295
1183286
6640299
7992240
6746654
1603080
4485019
3648391
363601
3809923
1990861
2466205
4547207
3438574
541997
7113121
6236004
3844486
4759512
4349060
1525864
2466192
5781307
4530264
2900045
6161441
4744517
1143018
485584
4457587
1921466
1662986
2431592
1297070
4320742
2863037
5526652
4347628
1224053
1449673
2515092
1522305
1252267
853822
7321696
3256550
1532440
3616704
1213786
244267
1823507
1175041
3151646
5719410
4569636
2456405
4717245
9990069
7243017
7693585
1138033
6949860
8152142
5939756
3912179
2917413
5429186
2616836
2277022
3675324
622529
1628182
1688163
4704146
9831860
1469754
998710
4791282
1901559
7365832
1624390
1996071
8201907
9377308
1199906
1285658
1193121
1217773
2220132
89003
9749968
9364765
5445061
1543592
4183275
9552156
1984563
1872264
8981641
3443934
373853
2816875
1439364
3468438
6153586
6277944
5593704
3274544
1767979
2384230
5666113
8941589
7773
9483039
2981414
4928575
1687080
1986780
491354
3857317
1980000
5203621
229196
1684989
4276272
1695908
437865
7608486
9390058
4888783
3293588
2142323
3593141
5832945
3202864
6363021
1822506
4963413
1797667
7380907
8761858
7881330
8997244
2400370
2541552
3183298
1449096
1650298
3134466
7817425
3653936
5663372
4659159
482402
7134388
490749
2195832
4352831
4770476
4673969
238622
2819548
1816996
1775744
1780095
5707769
1161309
4754899
5306933
2928665
1910782
4439093
1337932
4207804
190016
1815067
4586053
5934507
8753221
1492893
2650908
1592768
187111
3264869
6905075
1879945
3609914
6862106
2354143
9157960
3999710
1750178
3640
5400917
2119325
2233977
3732120
8568044
1947639
3536617
3372474
4199825
1534276
6398888
6407624
1522419
2161004
3336042
6810200
2183949
1629918
1312219
2700319
4584441
3780530
3184841
141155
2826249
1883254
262165
878860
1424954
2780888
4994486
9376767
4411248
62845
2786957
2429242
1974917
6707650
2769137
318890
1285849
1442029
1942152
7285801
4592799
196903
5895164
2639654
3839901
1661517
1295669
2885038
2369325
4836670
1858792
6864788
268685
2700786
3966006
5303350
5962202
2172462
1254076
7878948
4471875
4565317
1329183
5198061
2178261
9898366
1221630
1877015
2142173
2502988
2634647
8977334
6683045
1602747
2920271
3424233
1329408
6867318
1171716
1432981
2656693
1559854
4302431
3377487
6672146
8464871
1982096
33242
3199209
4831216
5165350
2220484
2967287
1193772
3442550
3127787
2754497
8443733
9927126
1317469
1343909
3352937
1103240
2715246
6497617
1644728
9851943
4357959
3573747
1107938
6841103
2936695
1991990
4502528
745866
1960141
8872137
1802734
1867869
9678226
2355398
8948055
1551484
1814039
3940085
9674805
3858806
6616382
1794474
127565
2697472
5715435
7764375
189186
1305065
8471902
1139673
3682025
7453254
4173778
113788
1780967
1743258
2368684
1454039
8243992
3424580
1381434
3236597
1876664
3574085
2544283
5393196
3255385
6823633
2848188
2713940
1423444
9818982
1164494
9733859
1983728
3976294
2950603
9960754
6119117
3853960
7509187
5147339
1803671
5113427
2724375
5355163
4470523
5461809
4267477
2897752
6861738
2862248
1243979
5606731
9950680
2545242
3614687
2653833
3346921
5360022
7883445
4648809
5147767
3939535
2389411
4156608
122716
1477792
413465
8356310
286257
6612477
2388851
5766324
1590967
6410414
1798712
1822364
9351802
8539829
4669841
1872053
287334
6225375
8794853
1922125
4879587
2880430
1375646
2157905
68187
5559368
292031
1814071
6811575
712433
274695
3678549
4740556
3447534
4916811
1739708
1871036
680073
1382118
3349160
330151
1755449
2359553
2850848
5445381
6926688
3428731
2977679
1952909
379561
1683713
3551975
1393414
4916420
176135
2546735
1463304
1972852
2761648
9264046
2866090
5224386
1898168
6991854
357648
7601517
9781244
1131752
2634533
3519083
1795385
1848801
9776735
1219897
7941492
1593580
3267581
522293
8869332
6973401
3547308
2176481
9592320
2402142
518264
3314748
4474882
3382819
9713727
8979351
2961104
1354300
9828934
2934243
2587099
6799349
3152056
3476221
3870878
3166946
276696
795578
2712937
2988607
3568328
1271957
1361802
3544581
1353477
2538255
2508754
3443937
1482886
5256309
5122807
3171619
8837790
8755020
4694798
1211628
247070
1633900
2858461
6983721
1489663
259122
2307842
328281
158076
3261523
1614861
6461354
1842522
5261964
285341
1158377
1317185
216255
1484325
3139242
180547
7385781
1512951
1793557
6389845
8481339
7924979
6741790
5137433
3919141
6924218
170085
384310
2438645
1632565
1959626
550573
3276988
1662582
1718693
1567833
64640
6370157
1211019
2986832
1688211
1433721
1973001
1694410
3781634
323222
2791186
1951468
9837419
9570528
176664
27300
6466948
3867536
1953242
3764407
3301612
5134482
2380179
6861003
3575081
3465724
1801679
5442656
7219107
9318143
3994091
6174699
1817901
2705331
2141973
4383819
7211122
2762295
2433987
3245825
4847000
2157488
245823
5292803
569403
4233468
156022
45131
2983489
6298489
1635410
1364311
5368475
2160018
1877739
4360984
2523287
3374382
3884916
6139303
1970369
1290043
5249231
2918374
1126275
4866128
1180106
2464661
5644362
8596865
1680392
4917933
8287479
2361989
273828
9102615
2438002
3788262
7266465
2435353
7231069
1912396
1244306
5852314
8894937
4436038
1639359
4835543
530511
3312365
1116945
6921876
1873960
1549896
2403622
1725914
6572095
1467832
4191048
7889859
1270918
4741513
7993367
1840348
581845
4539645
3646796
3857102
8682211
2520149
1545228
3688055
6616028
6414129
7581774
4629353
5521444
1943708
4117542
5909662
997303
1856529
1484951
1230811
3242273
1321853
4925535
4663096
722026
3351014
6813251
3305446
3153049
9377223
2239673
8835806
1424459
1704583
8835153
4254334
9587830
1939278
1339224
7983319
1224029
5249742
2387575
257249
93332
735435
1589715
4429441
7523709
8177595
1644974
1998985
6592310
2853189
9910089
1477991
8644920
5783541
3552961
7530514
1555323
1564208
4657510
1342769
384815
1338709
7436515
5238831
7241870
3555545
7632765
1713820
295764
4508565
2457496
2314099
1571503
4826159
4857854
237307
3443257
8227016
6253352
2741918
7278322
1821763
1600651
1903440
8727561
25404
1872927
3230485
9218830
5996802
2961999
9251792
2995225
8836849
4147493
1976823
6732817
1566709
564695
4792119
2589331
6639384
548271
4624607
1140220
117381
4482757
932525
9705256
1638162
2149086
7562048
196972
1659049
1962499
9683893
7121937
1552003
4217043
8782812
1147245
1225216
4956838
1863178
2429484
1456491
146135
9770325
7568893
2863819
5309687
4816787
1876240
8148965
4644508
3159769
2347479
7648833
5178196
1805844
4297146
4757579
8806762
2744701
5913588
3787354
1166949
936910
161973
4135241
1135503
1209260
1288219
8400065
1853462
5493913
2108470
247277
1431403
7395027
9506167
4211361
175873
8899085
2757880
3927816
4216563
258135
357295
3547579
2618111
6861183
3956055
6712149
4635616
1298800
6223202
6162000
57962
8275104
4391764
8730589
1898348
4796823
4876444
1323396
6405787
4386075
3406349
1625399
8565302
6522220
4860566
1218422
4686118
1680993
2309819
1940318
3346515
6686101
3318960
1959619
1461183
4419062
318171
2422059
3539253
164146
3469156
1312396
9856923
2828449
9927300
3902600
3237111
1123086
8999118
4883568
7955154
5796552
2477827
5570861
4917178
2379315
1215374
1120702
2851507
2486193
3815338
1252374
1177629
3979643
1504147
8375264
2484640
5599298
1930153
5997508
1910222
1491999
1488534
3371968
9352642
1260742
8376252
5178472
199430
3520803
1543124
4652090
3115220
970987
7474550
1328577
8514666
1391777
133554
3489924
4934774
2257506
7935014
5931633
5845811
3252208
7978789
4331584
2850388
8493888
7637575
214080
5725712
3543564
3199527
5385727
2792247
666650
3920921
2361354
8303351
4287677
2951958
6600180
7772059
3184327
2954016
4414743
5825315
1527008
257486
3843948
3775950
5506389
8900668
9536651
1264468
5688562
8660752
177323
3983121
4975842
1628823
1523108
1631980
366354
1257882
1518417
1363878
423398
2768960
1371433
14945
8247689
4990707
4692383
112880
1802295
1733021
3659323
9583872
176834
449688
173057
1888182
5116593
1303058
1485438
3937789
1661675
326262
4958429
1406335
1113476
2159780
3956215
7327684
1671959
5147175
2670036
2906557
1264705
1280296
7241413
5195190
2358253
1984714
8906228
7980563
955534
2104353
9879623
4285527
122729
1443279
3497320
1953691
4507153
4219406
2670387
7599808
4117260
1365016
1426040
9398608
5524139
6798121
1274741
3279635
480175
1738068
2765683
248178
5332292
9915855
657408
1677938
9394937
3819129
7389044
3531685
7993153
7727532
2896419
1224963
5982493
4595052
9360959
9567562
1157570
3167462
39264
326904
11832
2198173
1955960
173198
5227772
1660398
6604627
2132953
2255681
1655074
8223985
7775369
190282
3530649
223434
2440895
1891549
4352409
1957333
1593133
9902636
138108
2121497
2234835
4204775
2285978
296432
3960562
1724653
6571501
1281767
3876925
8324329
1374542
1371917
9770446
7996796
1662348
3645869
1187979
3682898
2322144
8150924
1728522
2295710
1776051
2253373
4185792
6534606
1546702
1382033
1984113
3414536
2256775
8643027
1963508
1715453
434835
1170216
1414479
6915273
1433877
1627652
1114714
4272330
7682730
5971668
3367246
3983146
4185197
19161
275769
6202107
1976175
1262445
4433992
330413
1931056
6991373
6139617
2915429
5528261
16275
8285373
4738381
4293921
1365470
2956514
629319
3554755
2827989
6735265
1761422
2673687
4491975
3320534
1369933
8854425
2242333
235164
1972605
663361
1406868
6423605
4179767
5825692
1754272
5638083
2350859
4286313
3170238
9432295
2342865
8790047
1947161
3190890
4616336
8419625
1930762
2931453
1439638
1802818
5181258
2255306
443495
3594209
7395988
2855963
5134181
9321859
4102805
2327328
723189
1716783
2537097
3293249
7252579
4482187
5951890
4555158
1343545
2555256
4165777
2486334
2752762
6193405
1488270
2477525
2775321
5202299
9186765
4865612
194509
2715555
1704318
1260805
6351841
1857078
2376391
6492073
9125338
1632179
5221378
2119502
112431
1420158
662668
5596355
2970015
6609542
1553705
4350466
1357014
6689709
4989408
1256188
3193047
3245876
9898343
5517732
8883713
2460049
1564823
1494941
3619128
5119055
7568775
5786942
3469871
9434641
5464943
2309509
2578141
3968240
2312673
2849023
5507350
1444787
1405943
1132056
9401650
1747336
2622305
22694
35534
5872763
5526149
1213681
9470122
148733
4963050
8641284
3698111
2361207
9448977
5161946
254442
2391207
7579389
1244330
1601874
8957763
9126225
1334449
1799522
2816756
246688
6238961
7333379
3999272
7978195
1619751
394297
9655359
8653435
2327367
1445744
2671347
5825571
5339629
3727184
1497922
4261597
492207
4318288
2546222
7992467
548021
1388726
3879515
127525
7832703
6151297
1970829
8196843
1422178
5269875
1531526
5753010
3199868
1795973
151241
5792667
1697276
6776016
2463228
5245304
161778
5550446
9515313
4360606
2927676
1429519
2992558
4111351
8237533
4744183
1883423
2577211
1985414
3980719
5666922
83654
5322885
5309153
5110580
1108648
1550527
9569014
1829401
1334467
9745180
2168118
7604861
4881210
5935322
1320316
2113553
5915406
1568154
1573500
1730874
6850172
1866532
1576316
7922058
1281582
8899038
118004
1192884
3579617
1704707
2980450
2448697
7626806
5680601
2467065
1769817
1869238
7406918
2619599
2342063
3558685
1968677
687202
4668321
1762876
652444
1147814
1360519
1376071
4866881
1782594
5281493
1900047
2411768
1984279
2434788
1725566
1574226
1186197
1209092
5316517
9987454
1587176
3132591
4589725
7663541
2131800
8271824
1789737
2658885
5657458
1843598
3439299
3544199
475459
4698096
653364
5836174
2778864
1146035
1449265
6849242
1437536
4799150
9712423
1412849
3531904
2699146
2925786
1373242
4772438
1582553
3302228
2922717
5218676
1413278
4189885
1797068
1316206
8538920
1619955
2704166
1872847
121450
2514929
5682443
2227330
3124694
1898040
1402448
3490986
5250014
3626778
9369450
9383262
1819388
1677199
338471
7814307
4854720
2417270
2765951
63730
6157897
6118319
4143894
2157904
6165493
3689691
6880595
5997445
2329123
3940392
1798737
2901939
5248263
8550498
1526477
4386201
9830928
9152328
5592271
8992080
2789011
4588683
8330920
5388965
6541954
4509094
5485710
3185305
1122028
3537775
4614762
1705011
1781548
8595625
2687222
142820
2913197
4191318
1696282
8256068
4390522
365384
9432424
189890
3658905
2458302
834905
6809454
6338981
1873998
2236583
8820627
1857465
2195947
3161826
6557099
194475
1328517
26840
2573728
692590
435463
1636709
3437465
1860580
1931088
8209371
2820708
1114352
4990318
1423572
7199842
4390115
1181540
3746907
1411552
8674696
1226284
2260230
8585256
4327445
5243361
4313107
1764958
5406729
2877967
2683518
8576166
7696091
8761632
2135810
2555840
9420243
5288890
1837622
5129028
1375113
8511040
123502
2551770
1450574
2716615
2632736
3644602
1773144
3409388
1333374
8434754
3352664
1871757
4632523
3820724
4435526
1358157
8166549
8544253
2877219
2324952
1349636
4575060
9510668
3377540
8263456
1558825
1670807
1234651
1615479
1268185
6317698
9858606
1591276
1530747
228640
2610773
1261708
1199164
3596750
4954487
4256078
5794849
4664995
9734778
1167975
43110
7297574
1361307
2419351
4109259
651278
944047
4481956
4276721
2469621
1787605
4274844
2500929
1433265
1344533
1183406
8805443
2976139
2532911
3560767
6503395
324862
4112260
196321
1546992
8673557
3705531
1601616
585939
4748282
3602659
1584627
74236
1820270
5435074
2200613
1975206
3522220
1487030
2813267
3162549
6178006
6482557
1664141
1789092
7158556
3851650
146203
6883294
2913289
6206644
1133311
1622410
1433849
1152366
1422024
6534624
4655839
8815126
319262
9101618
1220147
5382635
3916837
5862421
1264032
1135590
1566872
577723
3305181
671753
4939218
1827539
9335780
166721
9518683
5358001
2309975
1231764
2554604
2261945
164270
1378314
9494057
8603999
5377370
1583380
4967318
1679823
9502600
2132031
8326544
5446186
264998
1974101
2872554
3420714
7732569
187698
1693285
4900200
1737442
7452860
9466898
1244905
2149553
3213218
1429078
2900912
1159124
393802
3632868
1300252
1359542
1133508
1788337
2185350
1161904
1128509
264524
3122600
8274229
1117986
3357571
3886011
2537815
1474828
1703035
7805729
1871668
1776164
2889137
1389022
1799464
1564431
6442406
4711669
5907419
2304290
5464818
9404639
1283814
2694560
4392297
1146945
9921094
139981
3504607
9105163
449007
1521161
2672810
1459284
3106813
1528384
2753789
1512401
3663459
9613641
1295059
4250234
9574004
3739422
1335205
3653852
3893549
2862428
6647523
1539320
17547
1640196
9381095
7442420
8984543
163538
5612760
9305231
2263558
3569922
5156808
1661349
1636535
4306416
8266698
6252171
1824879
1310887
1288885
1976604
1172590
6813371
7875382
4113188
1902913
2655695
4532211
9172724
7167676
5610559
2465546
3966536
2458624
9135757
9530793
1619988
5432888
8493792
1318552
1733703
2330254
1633946
7166579
5747133
1662705
5994917
1269545
4345445
2665553
6223808
1647496
8351597
3795658
3100133
6279663
171505
1391467
3687768
2336478
4658498
6602643
3155499
1223819
3778793
6359039
5786195
1718848
2722510
8682453
1339084
2108284
1453798
199467
5600122
5678445
357346
1540622
4656013
7494600
8906047
7670006
2955538
5473958
282376
1881175
556650
176645
4623703
4356299
2473717
5320899
1534817
1420485
1850417
3886811
1913255
8247439
239319
1921782
9155022
34668
1423484
1409860
8283627
5533323
1301095
4827139
2636473
1873542
3619316
1195426
1271
1678429
6313662
1489407
4339918
4484146
1691151
1944376
4959283
6909204
1833144
1423558
5741511
2194422
869061
3772993
1962554
3645939
6544955
151432
4162122
3963347
1194388
8184881
1192251
7800742
3704945
1603144
366262
1910496
3584307
2193403
1832954
2761451
1230088
1539065
2204648
166819
6664081
3717126
8926423
1509685
9675088
2539290
1963600
4965775
9705272
3407030
7230748
1660372
1357486
3561592
4384194
4147547
1590814
177943
4558990
4142307
1731875
1151993
6295041
9361144
5755194
1514042
5419949
1595000
150720
2294661
1874483
3314532
2581485
1988317
271027
2260815
9524820
8106336
6348019
7627541
2136209
3231160
1496374
2568236
2476866
4753558
2983253
269269
6865132
1562512
8299355
1217566
176556
7669364
7531362
5454078
4514654
8533861
57371
5597230
5928090
9880479
9666291
7834736
169241
6899832
1384650
3727981
1615941
4355568
1914077
3131680
764315
1255395
6573001
9399710
1406418
3790716
3833191
8977861
3733673
1422674
493303
3892372
5889737
2364944
4893890
2169399
1585940
4701788
580382
2576834
2249300
1493364
1209672
154850
1712901
4350597
1958397
1548493
3395924
3258842
1203444
1934867
6188067
1334253
1889112
8224512
1847776
5332505
1991874
1787368
3895256
1795758
2685226
1330892
1794974
2135383
1178513
4455560
2892579
3682276
3590280
369813
158816
371808
137509
135896
2985595
1862466
1924626
3390027
6140663
2744790
1165615
1774847
1388627
3844397
3376770
3787974
6628625
2368224
3847419
4754684
6745270
1510784
595867
552313
9634435
1815308
8183956
1545148
2885723
7486909
3486766
3637133
2247094
285292
6473655
8325143
3382265
7536111
1770067
1213535
1305713
237981
1796157
8423106
3287746
5761104
5211273
1965993
1105642
6779045
4101105
1976839
4401368
1482354
4841907
236087
4252979
1114535
2776974
7316576
2279526
5139935
7292240
6453882
2401441
162493
7945089
1229129
5541205
8582075
1337199
5242099
3146991
3988768
1797582
8388389
9419701
8140855
283366
293104
2763987
8997193
1809082
2122850
5130351
5119326
2123315
2505163
2876450
3517364
3646152
5390684
1267510
3200965
2654337
1959936
3742317
3750290
3171024
7271230
1658945
1793931
9396913
1884097
1544447
7755549
3662408
9151988
1322044
1723110
32664
1514316
3183843
2648185
334424
824610
2855849
735514
1815774
3942356
1266518
1604380
5723002
362783
4316848
788067
6607728
5364807
4640526
4519581
5192227
8731386
3395308
1379409
1915245
1264890
5501809
1130707
1295313
8373319
1117215
7259278
3344697
1419583
6870243
1406139
250823
1812643
2992524
8415898
7346587
1336848
314779
9154438
1747519
1313901
2993611
5361081
1669843
2976925
1704721
3290748
3280411
1608683
1260173
2797384
6118068
341875
1456223
7318104
1826487
6308103
7645477
6634436
1475522
8954168
4632123
481255
6220623
4587044
3797506
4790864
1373916
1161668
7310030
3392676
4714740
1896239
1173368
1698002
5599818
1185649
1354963
677593
1627743
3785590
1801632
1779211
4407898
1706151
5864080
1697344
159483
7503921
3184386
1625999
1742013
5390682
1805185
8243922
132064
7141432
1124905
1837891
299891
3694178
1377599
7801062
1988896
5712362
8803094
5622459
1881544
9417194
3977943
3715188
4694747
1171928
8769084
1962679
4377913
6470665
2927055
8469467
6812279
1966829
1124780
2114753
8947485
3176184
1157770
8416714
1871931
2845473
518072
1140442
5103171
2535087
1928290
2737967
4859388
2979855
4956993
4590730
3972908
4195351
4169725
1641162
7339168
5724040
9952611
3820720
1230824
5986724
1809916
1940213
1464961
845282
6611778
3729195
7369773
197451
9557671
7333905
2755820
1354972
3999251
2593391
2114408
2423955
1403755
5907799
4856934
2965042
7962269
5953153
1965100
1455505
1216366
7443288
6617431
3519658
932047
1549847
5387706
9454594
820009
5834044
4865604
1717189
151747
6311780
1547793
7358340
127454
745324
1504464
9697666
2129271
8565449
2855103
4922368
2248361
1103455
7201333
6498165
8806673
2593519
7702627
6922335
2718465
1641959
3735633
1551901
9900930
1817742
1464630
3184680
2639156
4842360
6645461
8754091
9954659
9812802
1502090
6225223
5164668
2806542
1971732
1712615
1473650
4193694
1416319
6688930
240648
4617253
6921607
3298927
5437571
2642358
1379824
5469029
1653194
3306719
6782616
6472145
5893489
141980
5617201
180483
275860
7865320
93099
8338011
3639128
3445677
3361239
1173055
495448
1374640
1113734
9869256
3692769
5703802
4871989
1303233
4920541
790184
6785101
4794404
2536135
3853427
2190429
1514220
6236548
1475313
1119805
6493791
4439424
3281102
8332717
227739
1634078
6891384
3198550
1352455
7282374
4883949
4491076
25382
2504396
1727485
3857632
1678534
2732187
1447219
1628349
3863165
481947
4405333
1481227
1949375
174719
5172546
1354449
2974892
5201362
1171164
4197258
6381008
176387
1360688
8146155
1358139
1975147
7235836
2396298
1991909
1104860
7613065
171524
3268302
5362915
1937755
4233768
7741692
645693
125622
2825510
5329759
278700
1453814
5924010
1871011
1820347
3732716
263350
1289354
144796
1320424
2509915
3468110
2572045
679134
2211230
3189857
2441428
3788957
9537413
2530089
2413435
1926517
5340005
527713
4759701
7712951
1971043
9122499
414189
8932487
1364113
2145321
7531696
8291370
2605182
1806684
2170052
3759793
3714337
2662277
2145510
3427661
485719
821736
1117995
9745489
1325879
2162511
1575168
8236012
127039
2359516
1850271
5682504
336834
2721157
7756693
1917044
6851573
1407252
7284733
8251738
5606864
2585990
1867031
4240633
1711485
4251527
7938229
1302549
4191626
7256236
3558383
1776768
3579715
5250417
2743598
4678632
8900566
9767242
3990321
5159650
2997960
6721458
1923206
1592658
3282556
4534798
3519658
2638547
4866039
2507033
555526
139758
1277287
492688
4519783
48233
3454536
2655797
6298262
2764950
1691294
6631019
2420249
4143143
4546860
2876883
4692816
3235508
1701953
1694169
3433304
4625311
4698293
1101472
3633422
6120406
1414227
4918775
1387782
4724224
9689563
5623479
7963546
4930517
2135978
1607655
2724026
2920131
1471990
8628744
6805443
190010
7147691
1628649
6840531
1386444
2696693
270646
8731576
214530
3670955
7919677
6417614
3507157
1789922
1627475
6192933
8502798
7154441
3410480
2947176
7738659
5319701
3929659
8336912
1230134
1911768
3781255
2195376
2483719
6808200
2403705
4319605
1211479
5362613
6531413
1189836
4291970
1883853
1197984
2599400
8672287
3675913
1603127
5635920
4457984
1438764
5900705
4886371
773613
4441672
1525248
6893062
6425826
1474308
2431046
6629062
1687928
2189447
185329
4308726
1189821
2434756
4722029
3486965
9771346
4847749
1513318
2446580
6938067
8949000
5966617
1261685
144638
7877780
6870845
9281059
2144890
9916535
2208165
8874693
1656098
2631613
8794374
3699924
6762702
7166408
5991827
3158495
2417962
268962
145545
4186683
8590117
5555547
8150516
1802060
5876697
1344483
2660016
4834703
1827320
1631457
3750382
1534761
1153781
1675703
4306873
7822069
340808
118785
2710398
1800430
2646228
3881243
1889143
6835896
1757987
1489919
1448184
2971816
113045
268844
3981871
790174
1847024
2856688
136680
2797917
1793087
1183420
1710631
1948759
4400563
1241074
129042
9988528
6315884
1412411
3496170
4301765
7613147
1240267
3859746
3224217
9834807
6943531
1417560
5410305
1104989
4509923
5978723
2893880
167489
1395923
8482247
4384614
184002
1472576
5776664
3825342
194546
2785021
758444
7889543
2127993
4376632
2153131
4531957
3465543
4833418
1380649
2327023
7307484
3592376
5517250
8959191
6331934
3140405
8848477
859266
3593276
1855476
2499856
1248102
7185075
9589332
3956666
7159803
1443280
4718310
9644699
1603865
2180806
138092
1941402
8119175
3517308
1825640
3997140
2571153
5602478
6463199
1130680
3616877
4960648
6306484
6879322
929675
7956015
3755150
164655
5372902
2646785
1484963
1680901
5599290
7420250
8612880
2949478
9717681
1594281
1108468
171484
3703441
3875383
421565
1828186
2990509
5606791
1652181
4814292
2159292
582281
5213604
1620936
3332051
9321488
1261357
146130
9638933
6272275
1709698
7699448
1638579
2604644
5621975
570304
9368215
1599905
3224100
3437601
1392646
952894
8149047
1479588
4496861
3616627
7494571
1976041
4688649
2716098
1595433
3666995
1116121
5912445
6601020
2249962
479159
1544652
2430127
6911057
6681078
780137
7304919
1828142
2821567
4838478
551775
19575
4607619
5566809
2454727
5321742
31082
1459420
7194991
698487
3899621
7898572
3249309
1250560
4239852
3182704
1927350
1321278
2852868
4952034
1842794
2538924
5935354
6796104
8702332
2304605
5438912
2656377
8698637
187659
3750541
4568827
1145926
4359334
2492779
6702081
2341396
4807508
4360966
62006
3675467
3396097
144055
3974053
3762484
4651799
3581735
1259528
1490933
1173232
1646316
1268552
1129092
5917604
9798981
6893145
9660959
5987597
9398356
4364359
6628278
2224045
1725518
8354710
1422196
782053
3802128
167122
6485966
216783
2481684
1614932
7273037
3819881
1267228
5785319
8408338
2727848
5390812
2528941
2162003
12448
9539845
8409399
687544
1837414
1109833
8843638
152342
5399840
720993
184608
1922851
2149561
1844337
9555845
1237662
1184413
1163380
7870450
232386
9366113
2929212
2683983
180673
856608
3367176
8669467
3879281
1413879
1451657
5654404
2999794
4403625
4607296
2491436
5991287
6683
4714887
1170478
6674633
1819786
7163549
2889564
1412318
8777942
3954895
4526560
1712971
2656322
4953150
3735972
7124493
1135322
3754803
2359118
3184756
6664631
3207811
2601065
457943
2813517
3852216
1711927
1656025
351136
3410942
1126873
2440488
5268257
1592131
1362015
2557612
123367
4849651
2457041
1228
5866760
6132059
2826703
3621463
7860776
1226965
7136266
2288776
2442601
7288210
523188
1592101
193030
3914186
1476262
7925136
2802434
8253554
9757927
9508929
2744302
7363977
5288767
7119008
2300633
4385149
2539951
3111684
7976329
9252869
3154058
159426
1454564
8651242
2430800
176853
1266054
5381341
3108133
5106718
1840967
9236382
1144621
8780643
4320842
1495884
4267304
1629599
5844786
2210879
1675024
1816355
6221373
1655080
1245663
4479688
1298982
8416052
4524774
4424382
4356511
8467658
2118295
4968231
8689602
4299566
9351714
2345859
3686605
1398151
4712884
2603416
1691379
9492529
5947626
4839610
45104
8942011
7486252
3228968
5864352
647267
1539426
2364052
146134
1502429
1160171
2965216
6688031
6981897
184713
2941420
3984978
127540
3200755
4501596
4176776
7623497
4259619
1562654
4812601
3115645
285999
3311941
1563520
1929835
1696612
7871671
461571
1778512
1343104
7920200
1388186
1389077
8350339
4952789
1596890
2477656
4288907
1601011
2705104
5330413
522529
328450
6250015
115490
1746030
352216
6859252
1609027
6260190
5282051
185333
1377127
5291341
4554187
2589908
267626
7187116
1255882
9527091
2920960
9492219
2117469
4651749
2349150
3702932
1892499
3826564
5158831
820021
2236451
2650541
3219301
7393614
1695376
3370994
1880848
399902
1364779
7852230
4265264
7278802
2880098
2702971
1683737
289776
2936693
2674796
6809754
7269487
2816340
2242683
3236149
1250248
3616803
1296580
9267516
3555123
5230803
9820080
1964522
1150212
2393218
1336203
6881179
4661844
2752828
2101547
5398229
3710062
2228712
6998748
6747416
3519463
287663
2398369
1452606
5804109
1832152
3138820
3945473
2666827
2993348
1342505
1276648
1148876
1981274
6879144
9961195
94570
9766651
6364301
2184691
1352401
2904691
1272120
4624553
8230665
3526370
4195979
7717168
7949108
3657021
1514775
2443212
2447407
3337613
2979898
3973738
4828962
9680993
8239963
7331782
4164327
1329822
7365762
2986544
3183579
248352
1519696
1635555
460177
33269
2366062
1911152
2717020
7244650
7647581
2326177
2651670
4390159
4184589
7262608
3704517
7906912
1832368
1141328
7581263
3670470
4930179
2650103
7166466
2759972
4416556
1955810
3651147
1616471
4850622
1420054
3780748
4250156
9557261
1898027
2874251
2100973
1289570
1934597
7971513
4548956
1732805
3644829
4425575
7912976
1161592
2189148
1870216
2929375
2349277
4907491
1187074
2612239
1714153
3766513
9150843
1316756
2328057
3543806
3979579
2382640
3228332
2456993
1260708
3531293
1520718
5865651
3407500
211816
2218532
2321818
737772
6954702
7728752
3103308
499879
1180175
3853344
1477551
2952903
2686514
6483697
1778224
4676995
4275933
5912459
6520459
2364755
6329618
1629515
8507146
2759863
1922126
9775369
1807236
1428752
645301
4498242
3801039
6596928
1695657
2610789
1743811
4907678
3343303
3537118
3330087
8134421
8285873
1452111
5422134
1189462
6978060
1627135
1920986
5932636
3903576
3222255
7635140
6362129
1864344
4562260
1333926
8951009
3246189
1481317
122073
8770665
1500425
1902990
3612849
6397570
391085
5820467
1190127
9695385
3424316
3401312
1966466
6651125
1950303
6220185
3627545
5811460
3452012
7702986
7672495
2162361
6541950
1451794
2308125
6159780
2694545
4549975
1469398
1778158
6268221
2541351
1689340
160025
443413
545502
1667973
6354959
1833486
2845439
132342
7809093
9325691
5801966
9528535
3700900
1886539
3186924
1856657
1667006
1162086
5601508
3771368
54772
1459112
1523320
4791023
3509283
141932
5121780
4273974
3601317
4757118
4942017
3249460
921140
4411790
2496483
1562402
5465595
9426181
3346683
9381767
247266
6226630
1632220
5705957
1514960
7653000
1752557
8295012
2478694
3151522
519754
1614901
3179071
1438972
4397757
8896400
1885028
4806060
3841812
4393104
3424281
6765234
3174988
4299812
987928
2424679
1103463
7235798
1717071
1719877
1590544
2696715
775890
4948327
1854117
5287578
2473934
2379867
1183148
5533204
1792924
9892056
3428254
5527824
1848015
582138
1125239
1977905
2258630
1410127
118742
1584116
5579705
7683365
5221812
8629894
6614281
3539597
5601037
1453628
2394003
1634267
3120558
3938079
3224929
7726357
4216808
6154962
5759932
7945434
6399895
4252737
3924391
426927
181099
3400105
647370
7759681
3812392
8140123
6820894
1313841
7548008
3392749
1741271
9417506
4448005
9172754
7534907
2312635
1270849
3447714
8729755
7756980
2912859
1856644
1162023
3717859
6580598
9954663
1797538
1133955
5193595
5200314
5789173
2760362
1771611
1589632
6104588
1824428
5750834
7944405
3978745
22753
1651778
3351520
242633
9315827
1468951
1300306
3904116
2844411
1746047
5828078
1144197
2770048
4848591
9821989
2370514
1455908
9750122
227136
5895201
150440
7273318
2279561
3592073
3866815
2538559
1183275
1743791
6640845
2240800
258564
2571359
7212885
8484229
1973077
7917391
5322642
9316326
6329330
27597
834964
1155735
1347163
4274338
139470
8463360
3952832
4993727
2350413
1591117
5677757
9122342
1261929
2545372
4395982
9894001
4671644
2603767
3136118
1135001
494284
4425809
2263082
3294869
7369641
6933800
6467435
3438411
3985351
5307498
6991345
4688237
2306737
1587889
3240720
1656482
3175246
4490019
3487888
8215572
1628433
1124223
3368888
5957006
1943139
4715466
711065
3138495
1784339
9742283
9515999
266497
3844100
3999804
9826830
1168272
5436174
1271574
3461647
6403332
2624625
6536830
1393805
4343409
1399190
2825511
610529
5980476
9153085
2179916
3280619
7595509
4347076
1182398
166002
4651235
2718210
1816360
6572234
1902311
2684131
2905790
2661821
5873371
7440966
7927837
1931602
2825557
5590492
3594207
1729335
6567454
112092
2589921
174916
9263658
7200440
4374550
1461266
5913021
4596956
5698278
4273301
247629
1146230
1985844
1586699
4605608
6819610
1810412
3969134
6143951
163044
3167776
2120537
8712722
5314167
6263903
7828555
2360834
2896279
3580542
3462290
1315819
2199792
4930422
1989555
4320382
1245454
1914929
1878202
7556077
5754473
1483772
1491652
3456562
9441029
4917106
1565516
199356
7636209
1268482
1315178
8729155
2263509
7908323
3687125
2197128
2403084
1686120
3888902
2873930
5476837
9913984
4130272
634381
1541920
9800283
7563007
5329813
2666216
1308638
1725010
1267590
5129438
1896581
258359
8326015
1642498
2416242
2112430
8554518
5600388
253556
1872669
1811389
7399868
1712738
5174659
1887567
1822152
1335966
1140233
1186728
3319360
941899
6836976
6156390
8821998
1765065
120370
164433
3178289
9210381
8829445
1221635
3683786
7293459
2343846
2879683
392197
270599
2457059
1959162
6557849
2300163
3359830
638800
4617120
1511535
1688307
1234580
3595463
1657917
4250601
2223273
3334971
8934291
2516063
1317903
1981804
3613298
1426310
8725628
8850149
3483422
2738895
213062
2765809
1132681
7746132
3850882
1572920
370583
2676610
1402270
1834568
1573676
5250498
2300370
6302350
2587545
1409682
1692033
1190997
3619410
6653697
9824416
4372539
7712879
4870495
9959567
5379561
2261132
1776725
1525523
2437313
8223246
1649878
2314009
4381336
464791
1609974
1453292
1421235
4520495
1275698
1854107
4580776
1641120
5134832
2783751
124786
1758651
7839324
8668024
1107511
2205434
1227164
1635249
752335
2537327
170002
3708414
1576311
7842428
7165241
3997917
3437195
1174974
4108885
1463154
9852924
9409764
9542413
9276351
1287951
3332475
7593852
8231884
2581228
2752488
2843251
1862631
1587950
1420975
5489968
9876240
384566
5458528
262335
3347987
347654
2550057
9716368
2446982
1442988
2499663
1352732
4163435
7222216
7404764
3491527
1474605
1101959
1156684
9585225
3692312
3910607
2254388
4322248
6450034
1774751
2956940
3436924
198416
136276
1493473
7936941
1757966
3149626
1850187
4882991
4345734
3449153
1592375
2694130
7259883
2423427
1774966
6402827
2801063
7190482
8290712
7939135
8989505
1916169
1751762
3315135
2546405
148508
2564092
6519447
1951248
2325460
2346114
8299589
5145361
4618042
4717270
177077
3981356
3161082
474723
241425
3122514
5328429
388011
1121621
4842770
2173667
4322789
1922946
1400230
1854141
856228
4461302
1298922
183656
1275050
7920718
4812603
1603545
2207671
210545
3259901
1175045
7848827
1818069
2848307
3636543
1286630
6565500
914141
3551169
1501384
2631573
2523123
2517631
5507580
1264582
3815315
511286
1515087
4960516
1769729
1455853
855785
5656952
3928417
1184521
2170459
3222047
1943227
2195710
190647
4286001
3982638
6642107
1344107
1987251
1129422
1498885
4259443
1771536
4853527
9419240
1452871
9570497
2804148
3170518
3697543
1189229
1403697
6675801
2517579
1188601
1812103
2674386
1489380
7296258
1475845
2486262
7728135
3586732
1370312
2166585
7589722
7849860
1669592
1276217
7814513
531195
7606272
4325038
1801848
2533115
4968957
2429155
2965156
8376270
6689910
1760240
1438773
6840234
1964095
4224187
3739761
7931439
1598920
1591782
1394379
4842596
9402203
8896659
294801
1260395
87295
1664961
8680606
3264269
5496715
6764460
1423819
1689597
8606279
9486969
1442140
1495131
5545041
2220461
8396730
1553579
8302157
2981146
9769725
526568
1202725
8993632
4868381
2790854
2821559
2330039
3822692
2546590
1665034
2738889
2134472
9260372
2942691
8226317
2129236
3891164
2438829
1389779
3146127
5335699
2904560
1586117
6340906
5594320
9257115
1753782
2137832
1905549
6477080
7981583
17840
4811851
2135622
4826372
3647086
5268366
2133083
4979306
2226307
1995237
2648538
8855117
5475437
9803724
3618526
243454
1823351
4621087
4185358
2841075
2937257
1751313
2467648
1722614
3416015
1518450
2400758
2833156
4450796
6206109
2334079
1841826
3311813
5264775
7428425
1586650
1524166
1877751
1268783
294751
1147474
1812295
1323746
5669781
1122262
1981523
9452485
9333111
9131492
4529650
1640507
1205578
5830423
334437
6691691
9595301
8551709
376109
5859030
2885694
1543086
7767102
294373
684148
2645442
6595329
690846
1390109
1238278
9685427
1878254
7271659
7636217
5245080
624335
3972938
5635344
1836889
1932554
9828099
6833196
2612507
3453140
3722085
1396737
1670338
8674408
160224
1499998
4456729
5474743
14351
1457891
5938801
4851549
1292156
5147588
4868865
7318211
3295181
4359066
475998
9227587
3934724
1866719
2549758
2186172
3740080
5749735
499634
7570875
1170467
670178
1864146
446321
5824482
258533
2607650
5270902
1126982
8259210
3234039
9528708
1277025
5289083
2912142
1868388
5737211
1507130
4478378
1986586
2474129
940203
3920224
5414549
2360878
1818341
1854878
8408931
6912242
2490728
4612553
2183368
5510148
1646677
2144891
8682712
8284838
2609756
8406386
340039
5489966
1155995
1300747
3667767
4656192
4716649
3434694
5134284
9839634
7362003
2546531
1645978
354781
1327721
154698
1255530
3417168
1649594
1794293
6312197
2661827
5688690
751408
7374060
1165577
6402391
3629935
1696595
6764613
1161442
1833339
9833009
1863784
3961954
1655208
1990353
6912233
3919210
4290973
1142793
1638162
2791996
3925422
2998522
1109853
1445988
1270403
1479883
7795508
2197077
12202
2211875
5397360
1186624
6231208
4871111
4188515
4906874
2690999
2731253
2319265
1725318
2374008
6561011
1591140
2678700
982729
3601495
1691158
9651554
3205653
6974216
1946460
1261461
4226060
3223939
4198666
1224395
1404698
165167
3359337
1762196
4591226
9460676
3972433
8593598
9963422
1337270
143084
2105576
3963419
3175726
2947051
2608665
154100
2468548
3303823
132869
3940657
3361897
532865
2744246
3735681
2431040
5214474
1511450
5853168
379564
7760589
3958468
6529198
1693843
1783343
2474820
2539918
5767966
5727926
5543313
3630704
6336507
2858201
3879412
2693338
7639083
2269322
2148055
6935030
5168125
1161829
2770271
2485849
9696909
8825141
1683539
850910
3474983
1691367
199693
2477235
2178429
2308988
4335949
2689290
2972797
4294301
1931761
3359381
1518689
516602
4191413
4124923
3228181
1598446
3373374
2498843
2879675
9933714
6469524
1468093
4488372
2388384
1523031
9471017
3798575
1287326
2981619
1628827
1194622
5387516
3660673
5827872
1457046
3161474
2846038
2980017
2497923
3171999
6578782
1834448
9138753
2613045
9242078
1555366
7911476
3447623
494291
2716119
9782182
8795532
4228606
2514227
6734286
3405889
1482353
2897075
4522173
2887698
5607819
2297946
5798508
1237053
2793336
5871318
7102793
7851907
1238594
5374681
8186978
1224158
3606506
3658460
3180047
1542674
4654822
7990560
2671541
3791149
2473103
1311368
759386
5177479
2424693
2153136
2493807
6796433
2831108
5923210
3624720
1429742
1959763
1346251
1313321
8818246
1201719
1135638
1145180
2111296
4943791
2564900
3105018
4714885
7460890
1837512
9984075
3270932
1612524
1124890
454991
6427482
7805511
2277033
2444122
180083
7395614
6710927
3668680
2920828
2200355
1104353
9927479
3456584
5143337
7598099
3699755
5760905
2962647
6617926
1598974
4979172
288601
9808096
2692084
179589
8206330
3130712
1369863
5894896
8886679
2474051
1224138
4916884
9649924
2881252
8252013
2712622
3164771
2420060
1991476
2706239
8292442
5928242
2244324
1139993
5922432
3884355
827024
8698334
9224326
4355614
5212821
2913486
5299871
169042
7506886
2262533
3185959
661473
2900863
1913856
197097
2547718
1943748
1415552
2280620
2629866
2199424
455808
5287801
2779043
1665681
1511396
4947355
1807597
5785895
7507711
2255437
3152408
5538559
1363868
6593475
2405398
3644367
1254193
1754314
1158325
2250739
491389
8619669
8557703
8734853
3843707
271121
7327536
4437956
1775800
5584979
1893014
7227428
6144352
7639875
376488
7395092
2572913
2990479
5567974
1186546
1350958
6368869
5377987
2945906
6453232
2249046
1947878
2562552
2765774
6270658
1164020
1214872
1940123
8616645
2608791
5716554
6226800
4633905
8596629
4827996
6492093
1290611
3938539
5234382
1867851
7124223
2397583
1708449
7301850
2822226
8334319
3340269
5967451
6531787
8780335
8673578
2395281
6905023
1641249
4534922
6900430
5617918
1629938
1397827
3495951
1792967
6974149
3170372
6191071
1830905
1868266
1660477
5305240
5765674
1694050
4429325
650718
4458443
8352231
3267491
6722808
1179671
1461618
8215476
5857451
7546297
51504
1661818
1944417
3510689
7247058
3950888
4583625
2489115
3893967
6657231
1575875
951818
2114410
5546970
2714968
3873561
8876122
9379749
345681
7285770
6634692
2983726
2801759
9940148
4226128
3819382
4635263
2452910
1181540
8974706
7126917
3984419
7118261
1121931
1881010
3103373
5285085
554698
1997685
2441615
2130893
3711114
1621024
1283140
2366436
1554948
3533597
1586074
9559010
2729181
1566021
4448585
4722525
3411586
1435213
7631553
8438064
9827872
1374097
6939153
6771397
68845
9849578
3607541
6499954
1418479
1100839
1383944
465829
1961731
1981938
3671561
2413324
3463579
1128852
3296430
1428472
9573067
3941940
877218
8497275
995027
3310394
5425810
5434623
6319293
9933442
7775201
261770
1582488
1496473
197561
4563709
6760460
2107407
2217400
1526987
4411561
4473056
1812713
538181
3249416
7777531
2539368
6746705
1694730
615435
2263373
2119280
2712938
2309753
1904892
9269349
5783026
4797119
2813009
6226578
3679631
8797533
6965871
6627667
3101146
1725263
6741598
5807044
31880
8360170
3944776
1318778
6695236
5103729
1251761
178879
3392243
5567264
3716657
2900066
7165777
1453744
1716031
7903176
6734744
785386
3345667
1188244
1209267
3649489
1681577
1643210
1482884
4132676
1692785
252171
1315472
3967630
1328335
3638207
1525455
3722152
2701421
4713353
411497
1832620
4171219
7211211
1525752
4941078
6168582
195632
679853
7416069
1362941
1571436
4249058
1895615
3997705
1377267
1262249
4180074
2572967
2112776
2540077
8680677
2269977
6598522
3234339
2844532
8236015
1186903
5821707
3934916
5696573
1557788
9628784
649502
2638491
1488417
5721503
4397722
3142189
161146
1687365
9740924
4436986
239952
3792942
3967406
5216127
4927239
2935584
3594594
8870363
992060
7163787
3954387
3677499
3156071
7929643
5695779
3436510
1637243
1774871
2263684
2903406
978968
3562719
121943
2189169
2794527
9785275
3784175
6982324
2818834
5620574
2121357
154598
7613871
3653404
5346146
2862940
4259535
1741182
9942459
1642658
4631275
1740755
3675778
3709032
2290887
4604452
3702656
7832261
3368404
2430573
3561856
9644146
3979417
8442536
4528501
1608619
1548034
6939694
3998816
4134218
66807
1576004
2403813
3549377
3124765
3859109
3158970
3607567
1319880
1572189
2512589
6226977
4894606
1737080
3764071
1623639
9235951
168459
1103677
6521679
3765654
1338312
171237
1726315
1195356
2383493
4624586
1239703
32599
739975
5101239
2625288
1519868
3481559
359254
2782364
3450308
4240829
8392710
5361457
8516710
4928149
5365075
3123654
1504534
518207
754945
1942226
4542433
1542557
1300734
1701072
1337184
184314
3830680
1767550
2328447
8272058
1263994
1592933
4581926
1302926
3511940
9415332
4454156
192489
8987850
6399710
1133443
5542245
3390075
1417884
1531552
7298321
2419551
2299280
3829211
540566
6427897
1474389
1226560
1302304
3823738
3734692
4480831
8315972
2882833
1382265
1219138
2799475
3978784
1803651
4153953
6933496
1834326
1250671
1804012
1756632
4221012
1155482
6638190
1173774
5518263
1278578
6874527
9540224
3571145
3557880
441383
2531217
6678070
1467092
8990949
1100107
8945358
1895749
3259789
2300255
6451085
1961298
158049
2454720
3976073
4233554
5431521
185125
3249504
4690595
7143341
1492754
1519059
1852147
1759467
3854564
1158347
4149967
1799074
2979805
4578970
1769428
2490024
2902859
2755596
1668980
3559108
2230222
7142780
3848116
320872
5835620
6429411
1572728
5282863
935082
4589034
222143
6670038
293369
3950503
6796762
5908060
4421364
4983769
2393990
1839245
1515031
289633
3397830
7788833
1917458
1764942
1223918
3332991
288497
275400
2878747
8919680
1165819
3822946
5313814
2163284
6148931
1738723
3914596
8816874
4274614
7675887
1208336
5801987
1117721
5145732
6636335
1647474
2326429
4948343
2818656
1570203
2293162
455340
2522589
3241682
7720739
432814
6997098
561962
8687471
2144132
4238936
7784805
3490651
2520305
4189145
3787402
8331638
1418507
8557591
2644328
1358900
1414514
3388743
1903538
2801919
3310674
6639257
3508685
2415526
8191040
1895051
2422882
16285
527320
6304803
3431165
8645386
9183324
1273537
2801663
2717682
7912345
3279269
2281212
3966036
8246898
4728340
7535910
4567296
2202337
711965
8307170
1978738
1684516
7106439
1140864
1276549
4527877
9626673
6436628
2895706
8985010
4206433
3771495
4535443
6618620
7775046
9704290
1675681
1323023
2429157
9584144
1104285
315225
1704602
1960389
8670866
2695593
5629249
6515677
6894623
5362265
787981
1489328
2440945
2861619
6747338
217294
2632129
5529100
1365938
1713095
1420914
4948273
1418740
1458170
2329779
8601836
1575936
1719597
8678478
2389255
7140568
6476803
4217033
1203136
1696123
3820675
3229101
7749323
112589
8195510
82103
1430289
320347
1239837
4298759
3790133
1580388
2444677
7513952
1898426
3484819
5230213
2468614
2650832
1463883
3694634
2734754
3593151
5449824
1834338
163654
5101834
5529903
3260088
6941511
7741427
3394674
4361752
6836347
6599224
9975466
2836355
1123754
1957598
2547028
373154
8590218
2475662
1973730
1807434
1571501
2816364
7347531
4521553
295165
4339091
6872058
1349343
9809616
175256
4610193
918531
3604278
3639792
2913236
6763010
8723341
7821209
24973
2531943
2756641
4157347
9397796
5488000
5319995
2673469
364552
4491493
266117
6374461
2466587
28002
6636434
4802080
1719930
3133807
1268148
1284624
4617907
2507855
6714745
1728069
1801501
9705803
294369
2607619
3601591
3901003
1155119
3649170
8679745
2506563
5138095
1169464
1218178
5125125
1647607
1649819
2153914
7391172
2249068
366401
1682404
683955
7248673
7909053
8776786
6673372
1838045
199677
9518209
3249638
3559804
393647
4727094
5767081
1208983
3135658
1258949
168085
6673263
1952046
4461332
1561208
2385983
1198939
9919438
1163324
6349842
7526773
4816797
5233609
387414
5404567
140203
5916056
126236
3145033
2605474
2840084
2219546
7332770
4452086
5900910
3457030
7433730
782178
1629916
6915193
3661706
4912052
9331655
67616
1622227
3607689
1417375
2669483
1304630
6292541
4943133
1652524
2570216
8250006
1106910
3928410
1650627
1186046
1255582
4210300
2859963
2108644
327107
1749286
8195228
2117344
4819658
1221235
1404647
6826313
1265454
1277829
3108262
1265040
2805611
1400439
7142567
7270438
3186860
1881196
1728785
1747029
3916345
1115081
5809623
1449164
1696722
3911511
3825734
4329574
6235229
1595162
743519
1610635
383023
1598371
4562359
1548299
8567889
1211686
514957
3151908
2262846
4125713
2435910
1456639
183552
2829698
4666692
1117889
1705363
1506639
2121707
1973429
1558816
2681238
4959754
2135652
8103440
7566102
2544483
5580660
2987474
4695283
2354675
2364955
6148879
1114053
4746193
1859306
2905923
7381296
2235524
1732781
3203798
9331378
7717775
3457059
3208358
2332300
4418685
979115
5240680
4397552
2875035
6715836
8473591
1729039
8953340
576822
9227278
1296580
4351370
2270571
1555859
796530
4229207
2682130
1120752
581208
1877330
8943836
5919940
2669639
1994389
6132932
1757337
1500656
7125992
5178214
572202
1726610
9875629
3562853
1391611
5691858
4271337
6108260
7783713
199064
8343854
3619401
2575815
5746294
7559637
2354974
2983750
2345665
6988930
2685016
4523746
1669527
6893657
2827612
891545
48276
1443172
1187260
1272820
9815067
2521405
1394790
6297435
6222772
1860551
7802091
5759141
3186197
1993088
6109670
1545616
7533263
2520840
1308652
4321140
3224903
6221559
2712321
1372951
5536312
287854
8870658
5905668
3192539
934848
1913933
2398714
5182724
9777263
3975055
5324489
9584627
1442196
1713888
2664913
2145632
1927770
3955507
3936832
3282663
393043
6754930
3485115
6185230
1967582
4661200
1522447
1926359
1907445
123553
7971824
1392262
3959821
1187262
3271225
1185586
2849249
351160
1632496
7384586
1369225
860660
7727146
7250444
2485709
1631441
3437313
1383220
4894774
2609264
282405
1212212
2913417
1420193
1471480
6940994
5470641
1722251
4612385
4973138
3741060
4814110
4329450
5721963
695411
5417003
6864276
2897403
6580257
452586
9447172
5420475
7512338
3929539
1905128
9500818
1558223
188771
1265477
1989013
1254957
148968
1151723
1647036
1977108
2220575
4541785
7142291
1748249
8231258
6566975
2398791
5375108
231023
7554420
2879024
1145460
4670025
773002
5845340
8264810
4806073
9601082
3639047
1182347
5222098
3651336
3818089
276657
3616674
9761195
4286820
8589615
5377230
626870
623709
3931046
3272294
2112008
731345
5736268
1719937
2687608
4760390
3763078
3738657
1749767
1674786
3548638
187605
1737995
5235380
2182595
4848951
4954011
1659628
8483725
3854141
2183918
1539359
153589
1388329
3119224
4117173
3696707
2719526
2571212
4377855
1947002
4446423
3942521
1142772
6680221
6257347
9855238
3801254
3156000
3921858
7984063
1143148
997896
5741766
5937658
8582056
2460717
299339
1608278
5565866
1235028
2294749
1567357
6403808
1137023
9176652
1365262
1333989
1469188
5990171
9395351
5224565
6137777
2458466
6490533
9451427
6112876
2978999
4268899
3868795
1467021
1328006
1282856
6904227
1779795
3276394
4890970
9229274
1192993
6908834
9509020
1700477
9779823
1119038
4568325
4385118
4372607
6239823
2614970
2854214
1827779
9630786
1511299
1120152
2887645
276104
7330717
8127604
3303477
9105681
2311699
4879050
7133998
6640858
8423297
1887815
2390123
2678267
277995
5516737
2726969
1248377
3607647
2771264
1361379
6508230
4114635
3151770
7941760
8149898
2421991
1843239
3928252
6570573
1462144
8834677
4298980
6272397
3316460
4149756
141040
4373455
1206341
7430347
1625434
59643
4581243
368828
2801708
1866575
5706947
217817
174484
1228467
1204519
244362
1319539
5654709
2103405
8254936
3490464
1385946
719431
7728978
2277303
1728646
4107093
2298126
928703
1579466
280128
3610180
8542805
1289415
2469625
3562733
3884219
6264597
5503913
4439084
1395548
7831931
2967870
177097
5361520
8311035
6199924
2861606
8737983
1358574
9536544
3185734
4847745
8189321
9280074
1973158
1565871
3808452
126973
1263873
5426026
9805962
3596450
8849981
2713947
2341751
2489654
3770027
1413451
5937824
273534
257837
9671547
1855171
6992231
1211882
1796226
3117693
4513793
6973154
9180124
5409539
1850913
6412672
1357231
1812966
9804722
6106607
7771809
1367039
4822685
5912036
4137287
7823794
3620383
3268231
1338249
1966758
4914285
3922868
6497756
1287428
1781184
4736629
5645475
170245
6812882
9561967
9286367
3324626
1219903
3668117
573012
8393660
5329224
390838
1244599
1506286
2524896
5341645
8311900
3574383
1524771
5309122
8663067
9763877
114488
1176498
6869526
273098
2581178
1694407
2957919
1806495
9956322
7271538
9190184
2377116
3894216
5740554
4404354
2800421
7408889
8313201
3657451
1516702
9633002
3558728
528468
1687075
1822595
1355501
3648345
2245667
5613032
8809061
1723193
5722408
155163
6665411
187226
4815660
1225424
1430232
9747450
5765245
4965725
4517301
2963126
2604306
2935775
123314
8775622
539262
244343
2415180
8639115
1499120
1870126
511207
2745772
2858214
8647135
1870608
271226
6819803
5550456
118689
9544528
1395114
3996121
567503
2253092
1889023
3630711
6174287
1155237
419857
8171844
9379754
3658356
1685435
7710330
8485585
2839644
8854473
1624340
584426
6980563
3296019
7419876
1351759
1927681
210768
3584994
1867546
1691537
6101862
2760013
6435492
1645004
2163211
1179622
1280026
536336
3710517
172090
3425304
4623627
5824069
4724898
9390230
2181959
1717942
1335616
6173107
3380121
9180829
1100256
2307070
1741874
1890746
2751250
5873849
1439660
2226195
378999
2609273
1347836
5394663
4132948
2755086
411302
282077
2404610
4316506
4585096
3171350
9685134
3247788
1709902
4934433
357717
5260848
1622081
2313238
2738309
7656585
1924700
1872738
3223815
3841787
7152842
1970810
3293655
1421836
5596677
3943853
3193052
2514818
1152007
4344176
5643784
1185394
9997544
1855835
1550912
532345
4299518
7918696
2507220
2491724
3177511
6894252
4429904
1930374
494757
1192802
6916616
3198542
2104755
5231166
6429392
6963434
2670932
2209363
3607703
1685698
3486398
357966
5827590
2281983
2838616
64181
167408
5288771
364900
1707751
3811658
4730426
4132874
4134780
3963817
1129936
6272025
1628922
1427916
3263762
1925234
8191991
7923677
6675472
1124831
1166548
4289751
5254781
2702062
2157712
9987012
3988558
1380396
3310982
8302813
2904384
3932271
4522163
1846998
2812913
5267370
4194738
1403416
1103413
3864993
3143048
3144360
3877546
5999809
484810
4335757
3486595
5185906
1714143
2922790
1723041
1305008
4209958
1628939
6593324
1170692
1803243
8543728
2632578
7947506
5923788
4662941
3692653
4162034
2787484
2454911
5822027
7232034
2336046
3361767
5249738
77991
2184630
1568045
3106015
1499020
1310570
52480
4898348
2101771
5473869
9852921
7744484
4369340
5907737
2909073
3550609
1890780
1627186
7101515
6715602
8409340
3903383
283781
3705891
1300808
1263578
2750023
6596305
6590004
2496243
4244416
3948705
3425144
1490735
9928927
3613975
1692651
2827936
4342539
9597290
1849875
2951480
6784040
1192840
1338814
7379834
3494538
6617255
1516168
3720449
2564497
6316963
131452
3591444
1122088
1468004
5985201
1827519
4543716
1702353
1428406
4591814
4786372
3335241
5940316
4604805
1445993
4190360
9458345
3832578
7871110
6291000
1157608
3121394
6486493
2714490
5347352
7566899
1275717
2104549
3495201
3882714
1736353
4610180
3841689
334197
333647
2308788
3382483
3918950
1971420
1342760
7933442
3657852
3498285
1488620
879836
5565351
3789268
2761751
2877872
2969288
1550160
6408564
2708331
2368602
1399056
9607229
2161185
569392
4998513
4558975
2321987
1323664
2982260
8931565
1348624
8874954
1914982
1393303
3961705
155774
1370494
4129286
1744663
1357932
723041
1723801
1998392
2617789
2401515
121086
4935467
7827379
2588314
1463409
2109863
4285527
1365949
8788743
6422997
2641209
3568601
4921355
7828087
1615056
6376622
7388568
9115118
1502935
9571675
8291877
1429822
4750504
3668106
4357480
7924033
8212943
1297338
1878341
4369027
4823597
2648167
3624550
1444157
2799211
5308852
176327
2265680
190179
7486277
288092
4577472
2680908
3156163
3503689
143530
7566560
1453644
773778
2868108
626716
2978711
4915230
1752839
8267607
175166
1221866
2696289
5455931
1257497
6148172
184630
1227412
2513988
3794285
4247739
1481339
1756104
4943910
6601099
9500656
3784915
4212005
1362319
2210912
1382876
7404276
1341657
2553593
2877683
384304
7146858
1149847
368302
2802142
6806731
6780996
2189252
3895558
2274165
4379771
2133504
4758365
3735491
974430
384486
328840
2600044
1173638
3957454
1844019
5832355
3758162
4168507
7972529
9174806
218336
8322457
8627758
6815600
1492982
329140
135495
4385478
2659168
4108847
1223578
1255374
529478
5452906
2833171
320741
138574
7350127
9904962
2441495
5382987
156080
4598728
1590725
1747558
528256
1162821
1811428
281071
3454134
1344965
526895
3149625
17477
1650372
1881585
2493190
130377
1128399
2300140
2946894
2245931
3702943
1320432
1859751
1619556
7891926
2138191
1832602
4141611
5916544
3466289
7371882
4607287
3279121
3369459
2701131
2939591
4641308
9966695
8664096
123365
2435346
1279932
4238779
1359440
8178873
9915889
3760401
2488215
2207656
3111973
536419
2498918
1515595
2145591
3800246
2302350
291099
2143851
6828766
6257705
3545865
1173842
5945671
7552420
2234715
4416348
9952818
1336432
4650730
6196292
6431380
3507428
5554359
1955055
6303783
5193143
525358
1999408
2444458
1823646
1291089
136578
4258699
2626390
2705702
2501336
1722278
1566749
1704989
518554
1944267
3960561
7128433
4342291
1766723
2589756
5184443
132879
3787703
1860840
7749636
1949651
1513585
1993758
6578301
4706706
1955825
5759920
1487128
2298038
8516095
1126542
1837597
2520064
410875
1800829
1211431
9699351
4840677
1629071
7609110
2129575
8870899
2927896
1357207
3593054
8566503
1599680
7591495
2283320
5155385
623284
1376825
1962938
7797537
5149417
126709
4758941
891593
6192096
1867401
3760078
5459344
6294333
4469458
1253200
1450127
3522172
2935359
7171003
6718307
2275246
1611042
3864377
3965217
195139
7916858
3878569
1730629
886762
3450504
1385787
8600930
6194489
2651995
1449687
6899595
4861452
2881484
1781906
1972414
4779946
6446172
1848822
2905814
8641571
5489171
1293686
3963718
425480
2703428
1800123
3725371
6460078
1758984
9783941
713181
1846190
2876303
9296652
2452826
8286302
7860233
3202380
4201179
7340594
23008
6491342
3643163
4904201
6301160
896339
1629495
9369375
1341481
1133662
1547881
3789590
2780925
2269354
36498
2687856
2824588
6776390
1509090
180785
7403299
268355
4506276
6252870
419572
2118754
4154601
256352
1732417
3333354
1733141
3613695
1352163
4886980
1659001
1875923
2141710
4755579
1937545
333410
1396478
2962215
937541
2401146
1856077
3366955
6675417
2976609
4155728
3410346
2604892
1104986
3340956
1362817
1480652
35889
7788291
7197749
2956822
4235115
4564378
6105262
1198442
747721
1547438
1172113
1621553
1499386
1435383
3252474
4121168
8684763
1433937
9433641
1599202
3702536
4933296
2904973
2908813
2585289
2324111
8636048
3617599
4958304
1694392
1341996
8117039
2463821
1217753
115553
5375844
1320284
6436768
1477155
2970689
1543029
1148362
1331886
7176171
5295334
1665425
1808450
2989012
1608182
1213175
1639637
2418755
4676188
8656473
1239917
3361352
8129046
3660417
2370903
130076
6721180
5740057
6998196
3738381
5967738
1104898
4443957
6636859
5550534
1448557
178699
6731092
4269999
1108518
3211075
3474661
1992111
7989060
7606189
518173
3960180
8868243
4740139
1928144
6997712
2391115
1143528
1375443
1850949
6894707
3495365
8261835
2199753
3462504
2396085
2762169
1144918
81107
2601642
1125008
1811273
2512129
9647065
2403040
4930716
1836100
6580667
1225072
6822436
143882
1160307
152361
5209416
2364424
135076
1800235
5848442
4188822
8788306
1236280
8564586
4228932
2228668
191363
3863745
4806868
4927347
2583795
1698554
2830474
1414774
2699940
4851836
6951383
3755428
1355500
2745011
7424727
2842700
1485088
4320803
166110
7397366
5958442
1349584
2490390
3490547
1420210
4115500
276209
6611843
2869803
7784502
5820365
3331573
5357111
1266293
2790406
8228422
2965339
1290278
1510514
5833020
7152473
6150718
7771850
5183473
1374693
9263235
2463316
4533275
1690166
8705175
1385067
140649
817440
2367871
7491537
9790490
4376749
1980575
2158548
4790747
1709730
2159881
1452359
3808089
4243698
4732501
1520090
2905230
9573508
7587257
1905314
2190249
127223
2266023
3336314
4231861
5952107
8378817
1688107
1826992
195082
3493112
695608
7797055
4973969
6128864
1107769
5521683
1332324
2468100
4566084
4658315
1688852
2376394
3354785
5922189
1130203
1667689
1776077
1168728
1102237
4729249
132420
1875545
7937705
1811751
1179410
1248203
1416076
1815878
7400335
3417734
8349245
1100320
192023
3573281
9112363
4841794
4109183
1118098
9238196
6300405
9908894
9231255
2512474
5266217
328538
2769889
1859503
1298344
5809369
2159034
2567930
495374
1343335
1907457
1711279
9799203
1997428
6933520
299749
1205132
1877456
1366152
4996032
1802912
2386430
2118838
2775492
7302482
7270998
1432798
2286149
1431594
2399912
3981421
1397073
5111742
4738549
3670470
1129320
1622385
1541118
1243619
167276
1641168
7692711
5469847
1157360
1474818
3146792
7955955
2325034
4941208
7529290
5128782
1439717
2179620
5775493
8486737
3896673
1127189
3344135
2706379
576328
135365
2592979
1162806
6212899
1171659
4539550
8770561
5500372
8674864
5287507
2873621
1841064
5350974
1888790
8673754
3504041
2389976
1587561
2501623
1945189
3978728
1114261
5201824
1627858
4573951
4621256
2453917
1676863
5769156
2170929
9353280
2572517
2103746
132225
8829837
1588744
9608006
6938336
1939292
8655778
1318310
1654750
1837230
1428211
4525963
3665818
7243493
4850115
6956036
8676092
1200404
1643305
2619603
7491480
4872913
5250580
1975403
1713356
2998729
1109744
1384920
1764209
4190708
1682695
8481531
2249696
1478731
6854340
7974697
144256
4213126
8436668
5144159
9600388
2194903
35985
358949
1942371
1746146
1782885
179708
3950496
3627388
3581745
787238
4680925
9128315
1123503
1400258
1994149
5441822
1390480
3832937
4928731
4932097
2504539
1862581
1259662
2995631
2324332
627
6412555
3125319
3798472
3536831
2164521
2129974
5177828
5342490
8695277
5670656
1243875
1851145
2507503
2406821
2820204
7907193
4120480
7236373
1528312
4733921
2355576
4175114
1862023
1666892
242646
4753626
258729
1492425
4951048
3777012
8581789
6585365
1361879
2389393
2868918
8126854
5220765
1537526
3445968
2328320
2162554
1774861
193921
6780436
9381788
1358652
258461
5627531
2315688
6500676
844537
3375267
9248754
537330
6996577
4166639
2649756
2297516
7793884
4626757
4591484
2738099
1193328
3594342
1944342
9141281
5973445
3870747
1497665
1128275
6179685
4125009
3405142
5312605
7339255
7174820
4787620
8562337
