1227279
4611303
2958019
1139249
567345
4729159
2367544
1352341
1387246
6350905
3267846
2666241
1839703
2771766
431716
3656339
943055
4135691
1962671
818119
7134253
6423207
1869886
8580485
3900868
5893821
1177950
5399318
1573860
2594720
2453973
1829810
1577421
2987853
5416747
2649575
5230629
2480593
1359496
6254554
1879176
452223
1282227
1246099
2700809
8424617
1862908
1737396
1149704
561067
1255995
6144049
1860683
6363204
4247089
1752912
222836
384392
1634216
277045
1717854
1639474
26036
2213915
9262569
5530483
1980188
2261595
1159506
3447733
5981301
1776971
534993
1257398
9115040
661323
8233976
5172784
3901924
4359894
8892939
1593644
644150
6710870
6731036
2751100
198396
8679385
6828210
3935747
5171126
1975773
1457358
9779665
1849258
1320294
8206025
2201362
2572093
1130838
2287458
5978201
8397802
2658060
5940080
2250640
129907
7396878
2325437
2643745
3723540
1609264
3827579
1189465
2267250
3663171
1614313
935152
9529118
1472047
3711132
2142270
1297119
8355377
1438983
2285034
6551254
2242232
6613889
8182744
1929531
2638773
6351479
5677757
8756761
1707796
229940
3469704
4501986
3854711
2388069
1275435
142900
4494856
2674972
1478128
5345331
4193641
1488403
4277755
6282041
7807795
1169652
1320214
4987591
6267707
1843354
3792142
9402394
4476618
5723497
5877713
1420131
2113930
1698643
6964655
5478139
3182076
4354949
7592626
566473
1449360
7128951
1873944
4888501
2495624
2971027
8529193
2644428
1875512
3177677
4630934
2989886
1718629
7787159
1158486
4492403
1363861
3992849
3908678
4220554
1280067
2824115
1450510
3371949
1988112
166309
6818479
1632050
1917712
9216564
3103578
4255916
1871244
4544587
8152866
1402171
4741986
1403985
1478188
1985406
6522464
3940766
3851872
2249505
9913078
2397189
4844195
179320
7482340
4899819
1801327
3912264
6115230
3624360
3545319
2963188
3480295
2419026
8844728
1815897
2312264
2713099
2349561
5595880
3656450
3138342
7365544
4845694
5338579
285207
2443048
4936570
1340326
3942182
5353447
3476356
1849217
1544611
8338339
4703972
4723984
5552247
1749133
3944129
5928644
5151893
8725227
2286048
1282883
491752
5426914
2414572
230345
1681065
2671860
6179243
2675846
1381321
1391980
2851110
8950634
6696169
3548552
317534
8389508
1155804
5332989
4760673
9775913
3701748
4561127
1702562
4431040
9100762
3107946
2363693
8370051
4912488
1931861
3738957
4953373
2348653
6777750
1768787
1382186
5404951
9736914
1852455
434021
4682715
8862273
1218405
6632540
1714869
796748
3508201
1871408
6832064
8549191
7783596
2523045
7763131
5536987
180635
74405
5477379
5698785
2635672
924270
6364385
1336129
1621469
2911400
5785934
2840121
2192945
1964939
6537916
7220861
1274039
7943409
2303994
1828056
1986914
6428498
7907197
1745074
2380931
2249321
8449464
1351152
3908108
1636064
1169251
1311037
2481792
7471832
2745383
5302270
8318430
1604871
1203325
2505482
1377622
1370657
4324995
5263132
2261140
3430551
5450252
1735143
2694773
2263210
2451633
1816422
4179906
3737312
2396801
524208
4515561
2807658
5844953
156160
1794298
1470798
2565859
5786078
8382025
5866104
1243912
4459939
4299098
1257619
2139938
9207567
8330347
6697688
470819
7246596
3892742
5269500
232314
1358337
9460919
414775
1206634
1260178
2753903
3457696
1246150
1389167
9390865
1435218
6390384
4916891
1781176
1777660
1792789
1474546
4434640
6900075
1600489
2698585
1351966
8213651
5571089
2136392
182145
1332468
480642
2347807
1331065
1445901
1256250
7953910
254669
3124994
1155689
3906316
1869596
7369849
4610740
6393983
1397250
6507184
8250911
1414613
1785602
593238
1536935
1762011
1789085
4858245
8423301
1260864
2935056
4238083
1710607
397868
1646485
1267736
1294543
3502361
5903378
1808989
1538217
2423317
1599857
1675563
2775634
1845193
1297941
1769505
4640483
3989420
119159
6196248
7951741
3811644
1830370
1686224
6337365
1695839
1766175
1398648
387123
5460122
1451917
8201130
6701676
9825795
4504939
8325538
1212781
3513478
4493789
5204919
4195510
1933182
1522905
3688514
1627542
3405791
3149944
4554893
3845128
5734842
4534080
3739691
6849807
3879258
3752078
1345083
133369
7107567
2982464
5379521
5389690
7166787
1690624
1376496
4886668
1661799
815216
3743589
1492010
1712379
2178927
6736494
4144411
1545881
2944926
3226179
2951780
1273896
1888445
1605842
2225538
3482455
2736344
3990587
2311127
4616391
8868384
4591766
3202533
3143540
1481346
4581415
2717091
988019
2904551
7437317
1244170
9922479
3814434
1317606
1978035
1667353
255183
2699445
4426541
1830981
1126095
1915566
1939667
1666007
1648022
4159017
4565874
2399058
1158480
3183564
3612650
3608009
9194071
6685807
5899944
2915763
2332966
5973543
1480813
3494468
3593622
9693797
3121850
5730845
112000
9253779
29179
2507766
3269371
1168171
7579512
243127
8862352
2587524
535001
3534173
34679
7226214
2274733
7735137
4422887
5466718
1665670
4165144
4502902
9471723
1120614
6570175
6909790
146716
9947739
4418459
1644027
8619882
1107972
3440434
2460202
1938240
1954497
6479731
2675943
6409657
7690234
125266
1933495
7659197
3920418
1623553
610263
1757964
1595125
9889929
1239992
2201001
2198619
4594096
1893378
6130255
1436863
2273009
8927007
1118531
4301370
1785305
1956516
1883512
3374213
3141184
1129838
7121133
5513620
3136235
1718335
1455586
1314365
1483423
2832961
2153143
1343690
6316990
1334509
3604069
37363
1698451
4108899
2557780
2688444
979930
4121064
1687933
5738430
7512662
115800
8550498
4668242
756178
8874683
8496989
1398963
1717950
3234938
193154
1122453
3348725
6190810
1624653
1665834
1981518
2525767
1554343
1888158
1973206
3976415
9181704
5461362
1413081
1151922
1665611
4219019
868884
8475152
449241
2260582
142502
2526936
9981532
3599822
5221461
4353690
15015
3347079
1425546
1397494
6125285
8508779
7756256
1847174
1666332
1933563
1115003
675065
5318546
3918387
748375
1435043
7291075
2386034
3101841
1309489
11902
1541673
3447525
3653117
4962588
4115926
1532047
7490425
1905948
1888751
3815486
1753486
1924953
1288362
5572179
5624800
1168996
5312128
7542695
9465983
1644498
4757970
3332542
146745
1914800
2710060
3638375
2404296
4795614
737522
7353904
1472758
8259077
784527
1645177
1726888
9161367
19914
3733157
4464141
7867465
2381684
9533576
1821060
274986
1946664
2806948
4500918
1321994
6227506
6240252
1172243
3198672
1912484
7604408
2848348
1448377
2769216
1414512
7218242
3482424
5662779
3377572
1590317
1895548
1354721
3727267
4379876
1491982
2936635
5156722
5463727
3738104
5730770
9873848
4839669
9184603
1330369
6379150
4971153
4930753
1221022
317651
1893276
8351704
1107121
869604
2919709
152439
5616177
1523791
5277751
1919152
267483
1920364
4273312
5374137
3187514
5621115
3532755
1504517
393221
492920
2505954
3577308
1639737
3854911
6403229
7814155
1976393
3920098
1468848
4129856
4947730
9986026
7793841
188437
1514551
7851779
4941108
1689089
1697853
3355657
250
8183340
6520117
3369250
9545482
5411854
4893620
943538
18961
2560308
7985184
5364049
9383948
2822258
510959
2694882
1925099
5580278
7406470
3700792
1307978
8654762
7629332
5901157
1106517
8416352
345162
7556418
6400083
8975182
1393080
7459003
2384432
4717705
3906253
8126752
7424310
1518898
1784848
4277941
1391087
124199
2548722
2357501
5730523
6355487
2718082
1995918
2623506
1589843
4867351
3400453
1205306
5932156
6490236
1534662
1300633
3764165
458224
1166012
6763822
1591779
1902181
5224752
5355858
5984683
8363624
2773959
6820160
1330339
4627965
2914819
4257665
3442754
2108009
277525
4230930
2476576
9484372
2919810
9656830
549088
127025
1971539
6441043
1649339
4267497
1971781
2354847
1504002
314422
2654697
1490878
3412440
1164737
9462661
9618072
530673
1963150
2429910
6779923
1387796
5179191
3789990
399545
3630090
6797224
1827828
2101465
8518952
5536672
4666658
6717133
5884788
182042
2300139
6498097
5488620
1293111
7508529
476673
2219412
7908976
1132909
9737281
1636794
5215840
4296711
1738399
5824365
7961081
9855269
6396279
9672846
6287717
6545967
137358
1233754
1639084
752214
1923259
1572384
3794131
5476384
3112397
9398150
4977723
1720564
1505490
1440964
5356569
6173724
11660
6420029
1995353
1665211
2268901
1212147
3155160
3697457
26265
8423164
9487378
1586380
435290
1714031
4424432
2212709
1183044
8641506
3647094
5149404
1298763
4394531
8817514
1432313
114363
4580894
480411
578563
8805943
5877263
3516111
4892645
5823827
8136118
7915210
1416537
6176483
3641821
6953224
786535
1417815
2722687
1515227
3457747
1892086
7616473
1307851
7237660
9307770
1393491
1572208
9406740
3269419
5206579
2558714
1632610
5244654
1298012
2989244
1277371
8154932
1682149
2345185
369096
210219
8719080
1635795
9715116
1588947
716155
4859371
1955237
6342849
8250162
1855241
1903472
1486075
9307919
3700118
3504161
6330090
3141572
5397451
4100174
8912357
3911636
1675761
2518163
3624062
6926401
6888211
9672628
6546793
2988676
1114127
1856524
1567177
2215762
1128395
5857265
1494067
1266997
1751264
1970041
2770668
3393816
7148084
2856913
1641253
1339280
1721203
6108740
6511914
2210946
383291
1135579
177569
2625885
8159986
4596555
3796767
1577293
884273
4187551
1888222
2297282
8605457
2122791
3705740
3615006
293347
8689336
1996452
1780537
1120442
493760
2454572
1681834
422874
9597755
7335911
1380509
2691091
9610306
2789475
2457541
249189
1561134
8136512
1543698
4886719
1620288
7748733
4449358
1585487
1915144
452972
2719198
3877567
5555964
1509059
2715436
773991
1866060
2519441
3207317
4182697
1110769
3653035
5710826
6877978
2883548
7616262
5377820
6652837
9299495
287606
3210021
5256323
6146555
1172385
4460313
1953430
1387185
7284615
9486000
2954769
1798777
7611181
3813473
5941223
2929343
762512
3721294
5751601
2997420
8138008
1731499
1516785
8537469
7206178
3599804
591665
4945278
236593
1909974
1697422
3499924
2398432
1567827
1330921
4881619
9785415
546132
4534724
1249623
371857
2929086
2619949
2266237
1965520
2812883
3162796
856749
2811405
1486746
1965782
4120390
5349194
3966713
3714250
9528197
1933968
4279569
4417042
3669662
270517
2490102
3676291
9541809
7855638
9443175
3549289
1238999
4738509
1452438
3807494
9708850
293899
3610763
9588324
6553513
8747375
45088
6246104
2979956
5411747
1164374
3145715
8415009
169938
1456007
3971168
7932795
281568
6855399
6726514
3306134
7808693
6505397
8200524
3628867
2620858
3849623
1237697
1421485
2210771
1302517
2787170
9107750
1736123
1224296
12454
5185672
1926092
2753334
16261
1550310
8601496
1964609
4829269
2176390
1695345
1994722
4994465
1176940
6393756
176506
5829693
2254725
1536219
1886668
6122615
1614486
1939141
6499790
1661581
6944523
4964534
1535945
8664484
2885443
1759310
1873311
5930585
1119214
380767
2943092
4252775
5352783
1302531
3267673
1258281
2285547
3359564
1964822
1626649
8985266
1513495
9838421
4124230
1336602
1969068
2121291
1505536
7184946
4819473
2482844
4866616
2309666
5548810
4144911
7682276
7323046
5992653
5335630
2759248
6980118
8112540
192624
3189415
162673
2486203
1872192
3592278
1647378
9208412
1429037
1595252
454762
2925784
9273051
7522053
1796351
4397255
4132429
2848535
3235013
2560137
4225950
1739780
1834002
2702977
1744695
4675197
3662955
19395
4318849
1675029
6917704
1953710
5825794
2311857
1574192
1447070
7125338
183033
5717173
5521211
1280129
1745646
5594740
7171525
3274328
4121952
3720523
4459734
2594633
642026
4686464
5481345
2166492
7877826
3605874
1674504
1868522
3224595
1225712
5447071
2387064
1442073
9281543
1898718
4281626
1341076
3335172
2769814
997791
2694518
6318702
87315
6680216
1811929
2335645
1243529
1320640
6251018
4945665
4880467
2257289
1576161
2339492
7420134
3221725
262209
3789828
9394103
14398
330077
3609700
5200179
3497036
6746828
1969478
5122440
1621694
1496147
9577646
1670127
1936598
131738
7757845
1790317
4823231
5966528
779203
5229899
1831570
2816801
410925
572688
2671969
7490405
4474616
473926
2704415
2874963
4104721
3696617
6275757
1746259
7383104
7746789
3698852
4117534
4748784
1385764
7625859
2715776
2365929
1587392
461903
4950164
2272503
4778783
2137360
1830080
6529489
2243805
4237280
4445757
6466190
2595137
3916347
3203096
7720883
1857139
1364647
5508630
8363214
4404512
7851653
39279
6688072
812327
2110248
1494632
4689456
2772725
1400627
2773682
1177787
7823227
4744016
2748670
1959674
3459166
1460455
4360194
3456628
9660621
147567
6700866
1781195
1110733
7212249
5487186
2742977
8903873
6529326
1974818
3841547
2455297
2488754
1126863
2352446
1690823
7228376
1453198
3344327
2302890
3480827
2616267
3795603
5102399
3328491
6541915
7195274
2464168
1216543
8260358
481596
5681518
3110255
1472052
2992196
8829653
3942377
4840069
4283760
2970839
3507196
1201886
4391692
1127364
1308193
2882755
2901457
1207413
1113642
4833833
3850225
3698926
1497280
649990
6605409
3982537
2410081
6831904
2951445
3608489
2356715
1316653
3516220
1511898
4715727
1820307
9140041
3831193
3483081
1423145
5350869
2112477
2224596
5695536
1217300
1286599
2735873
4483826
1812824
1947080
25051
5907322
321355
2439459
1689043
2517703
328187
320543
355570
3801247
4526475
8707666
2966996
7686169
3716269
144083
1186565
3117011
7553651
1323441
186981
2467214
8747684
2195139
9803053
9688944
1398695
8184001
7834746
4321734
2307527
3829618
1135531
5595953
481230
1923304
157596
9294611
7451381
3230133
1315518
2230226
5648027
1610426
7236619
2390902
6615948
4942241
8488934
4850236
316975
4103316
7896028
1701022
7412970
6502736
1638411
1115651
4574760
5539869
3778238
1602355
2611148
1803371
9879906
1640113
1194467
4314531
3765698
4182455
8729788
2308707
1815935
5684683
4131702
238013
5678955
2349046
1611012
6245539
1208237
4789557
843136
1584348
3104177
3318236
2187942
1994966
5801038
9126970
7484931
5838037
2370803
3644828
1437561
1549746
3741023
1578292
5388819
520893
2143281
1918060
3115998
2551079
4498409
1327964
1691752
6402055
4698601
6225409
5224370
1210948
3271258
4699216
2900281
1281211
4508851
272019
9706394
4365892
3737169
5304787
2376595
1869865
3510895
4415316
126974
6959165
5678321
2102046
1799819
4595004
5347413
385700
1678669
3872618
381701
3502733
1287740
3186437
1211470
1851929
8514471
1446102
2774877
3518223
5842010
2751604
1818202
442036
9768603
5370974
7741499
1480479
181249
1256095
8836840
1416018
7336545
1952945
9643507
2508198
1420033
4868465
5201024
2101299
8633501
2109722
2475114
8156310
248299
5488694
1102058
9779795
1180125
6307973
1300213
9309521
3901967
9556718
3480059
4148843
2819085
3397824
1220803
1737566
3526646
2639898
5747691
8462724
1627164
5616029
2328293
143289
1607513
4818233
7235501
1948278
2808523
1362613
2713483
3255144
178289
2241703
1388641
4254359
9217533
9489831
7809582
1803565
4583145
239827
7814061
166100
4399547
3424584
4650536
2430641
2530352
8472326
1928043
3805098
1721782
8330255
6570639
3916631
1595377
5176734
391144
1311246
4560132
3254935
8710291
3936402
2888342
2869859
5495446
7731273
2862789
3460152
1420914
1772245
5579294
1410749
1337172
3917087
5895052
9461503
4253846
2834644
5945359
6613894
531285
1845428
4625289
3247479
1133796
2586050
4937896
1127905
2215351
6804207
1193336
1320196
4675274
6746390
7808759
4916441
1521970
8638601
112607
1761860
1597377
2849681
3453526
170419
2743133
3355881
3340861
1650374
5586246
179918
3800985
666447
1682576
4610329
2700760
1112701
1660553
4147431
3304149
1772878
8987337
128158
1501069
2326239
4190714
1718639
4867824
1486070
1552731
1763985
5727320
5766368
3332439
2624754
7632505
1702267
1710443
2896623
8392972
2744579
1833688
5420795
657665
8915018
7196577
5646674
4180449
2515622
7883529
1729755
9120517
3939439
2813555
1483341
3587184
7341847
6568536
9727613
286268
6594937
1717412
65804
1397476
1842453
5408907
5575944
2798423
1196755
6272998
2639117
146547
1438264
86716
1841398
1833047
5301435
2647782
5160919
3428718
8138414
4670208
5714983
6316076
3869256
1753469
1511408
8363099
1230644
1137226
6222820
5212898
4186102
3452752
3419957
125545
5189140
3901862
3704482
1311582
5641536
1885805
188635
1496478
6886480
1317763
1820432
4306535
1160743
5100062
5527655
124869
4733300
2879135
1404976
1786720
2850579
2178659
7809188
2841474
3879360
132138
118226
249122
991949
1473552
7707267
3486969
3419171
1825702
5953909
2331854
1266924
1372391
8837947
7765583
7859407
4140655
4815682
9692127
1532879
1462021
3727856
7761478
176730
3177719
1160751
6409707
299391
1860045
2752205
4549275
1762876
3120793
4867134
1558140
3610344
2465684
5459243
6713154
1445208
1612035
1861194
1164205
1426012
44984
8486024
529494
5339977
2817580
6792859
2722722
4507217
1171826
4839518
34337
1516372
4285904
1688499
4601744
9529106
3995706
940347
8934738
1874868
4955066
3852101
267303
1421918
8617222
5989951
1608390
7772177
130787
2872093
3736921
2646377
1107188
3842162
2127443
3432897
1837348
1394280
1235473
3742726
2801964
3971579
2570152
1512596
6519286
2188137
1655558
2969271
3122782
1700828
3733494
1863297
3299769
9906851
3402226
7493458
1985979
1749342
2356687
1243231
1393601
4964974
1597973
4788394
1506169
214641
3373276
7483345
1143333
1219281
2648155
3482577
8306555
9395167
5834361
3417640
1233451
3688310
1695827
2495933
2985942
2986506
1391334
4100919
3956417
3499089
2269479
4823713
7127546
1479701
2926412
1194630
7721625
7353988
6426534
1709294
1561024
1590234
254461
5722960
3424890
4165731
1569095
2617619
4775460
1277447
2228819
3526732
2255570
5275228
1950129
5199803
2186671
1316154
9925437
4676599
1728614
1734292
1259400
7213407
1612784
1255167
4279659
2833289
2998216
2324222
8722114
5923711
1717965
4878577
6438187
8697108
1498997
1874046
1574023
825278
3866046
1505630
2296784
3776402
9358708
2944442
1261680
5623580
3659302
6507518
5673733
2682461
4267424
2938357
1910876
1842271
1633276
4503065
2335211
163231
1778378
4578130
5206247
1132092
5372497
1611333
1297376
3362976
3628652
3493386
4708346
1861998
6959454
4933216
271275
5361355
9771638
4973474
230906
2821701
4931137
2404640
7192168
4437193
1554877
9296161
1586540
1981341
1148578
1993146
5388416
3749738
441767
240618
1346612
5486059
5805945
6768505
595481
1566249
4797920
5822911
1671039
5211180
1942157
1808003
2535094
5565110
3949796
3643754
2531378
5333802
2672911
1586889
1181827
9509606
3415703
1121544
9580605
3917961
1131455
1952067
2184534
1658779
2436241
5684062
3279685
59284
7284017
2708810
7679867
7592800
5726265
2637128
1674293
3150357
5183718
1118509
1562849
5584193
744732
4290947
4835555
2902843
1855428
7283109
2774043
9110484
9365192
1146459
171588
8927379
187758
3858188
3949752
9576625
8630566
7215
1930951
3265436
3833081
2986973
149334
9592562
9410370
5802669
1226237
687473
5971420
1568632
2363516
5819505
9331083
5192387
1458990
6668879
1670193
2565405
41794
1638982
3312264
7546624
5836829
3463090
5677567
7190839
1358704
96218
3199691
2339950
6132897
2343287
1942884
2635315
4864415
3254019
6463991
6295473
1867314
1172362
4241234
2901503
1234220
6809740
249268
6854729
9542252
1573686
9176821
3430406
220442
6229984
9380860
3499309
1849340
1866889
1804415
3431278
1491899
3987980
2950333
9499920
9168025
1607029
5951647
7703651
2103389
7584823
2806965
5118354
6797997
2963916
1184807
1141044
2424336
770800
1915615
1141713
4276797
2988532
2675007
2189695
1421084
1767027
3779069
1275968
7880618
1929179
1410107
1905827
4912869
1925600
3739562
59919
5377821
2768183
2511406
1198295
6893035
5305989
7169165
172140
91434
7486862
1567072
3965193
2644623
7537777
1467728
4955008
4123504
4235965
7674280
7724127
8159558
3377524
1790214
185926
5129732
7685156
1534514
7841996
1627877
6314344
9427017
1690500
1160617
3160986
1859174
6314011
1921201
6997470
5176564
9312703
2486071
2609448
147499
2564511
3538284
2969212
610280
187224
8385244
1379390
3830056
6103143
3306723
1218208
6458253
5300808
3295385
146390
220560
4147965
1590487
6688421
2736339
1604523
1621842
9864375
2740589
2365898
4425413
9843133
986333
1996938
346949
469257
1272256
2374969
1531553
2611973
1173500
1244713
265003
4683659
4915179
3677664
9717645
825385
455050
1631780
3565352
2308086
5620099
2481384
293031
5912492
835084
259405
6995634
675329
6153964
49449
1571988
3962364
3558057
8655065
6567926
1389861
1783288
3370847
1817199
4480975
4260144
3148850
4444678
6242347
6980628
2287888
4194658
8203524
567716
2349511
828029
6117321
2408626
1208612
1265173
4830179
8373340
1862939
9287954
1354371
8809272
7671715
5141809
7245163
6569067
9545227
8499712
1840844
1181194
1827014
2501189
1280812
8216143
1648830
9819513
3184937
9315028
273961
7892554
6786987
1813763
1355907
8554038
1598595
1222383
4994017
1311363
1401094
1944770
1739656
5674584
8322132
4294829
3320420
1238917
143591
2604991
192586
1418931
1495330
2538214
3484173
1215721
254114
2805274
5692826
1851023
3218476
3809573
2656943
9175152
2899517
1104311
1243305
1589502
4140377
5606257
6579046
6883710
3571093
2146798
2454999
455682
1174615
3177066
1816838
1834182
2388441
2848614
3376849
5614361
1557647
151439
1960307
3394374
154923
7343293
57292
2939066
4623863
6464970
2449109
6175309
3600856
2589457
1121318
1356835
1757172
1695189
719757
3198877
1472784
3803481
135831
194213
5526884
8394638
3424631
4101238
7113608
3109493
7133302
2199402
2517014
1194349
1923815
6609999
2764509
8141763
7379684
2186429
6549702
9193915
1333967
6618869
5278301
1305956
1192371
7215595
1860075
284703
1218681
4405391
2678419
4168793
4552828
9856083
1139711
3312907
2244034
2380558
1324794
2105558
3341250
5446135
4300900
2562294
55330
6322616
6266957
6103578
2161951
8713801
1163348
1537803
262908
3347581
345771
4126101
8431119
2735544
5819773
1377128
1863735
1326668
4838394
2702431
6487139
1430454
1529668
1213687
1972864
4667764
1628359
4870450
1395639
3176403
8567266
2429211
1179011
1286533
4704135
39454
7307521
5126181
1821577
4231626
3430915
1383683
2401995
3508361
1909981
2432484
6552464
1212061
2203700
1538794
2531166
6924603
2548152
243818
8236849
6737746
1494286
4964852
4308828
1402862
1768389
6709176
1793773
4374679
3275865
1537366
6234967
9397484
3309773
9776969
3394902
759565
1895486
8613219
1160555
1187092
4661979
2366819
1914860
184370
735434
792727
2543371
1824052
1983401
2356586
4645019
9820003
1505935
1358738
2913307
5349942
2721831
4570273
5328445
7409525
72498
2515041
3649091
3325544
6453902
3988663
3111995
1389869
1593898
5933880
2605689
2518486
2680310
1251651
2648978
3818915
3496480
3412775
4782854
1140582
1854527
3472905
2663498
258129
8331491
1568155
9691147
6875930
1863216
1157639
7637907
1850368
1220211
1352687
4496712
3665421
1905637
1731181
1829904
2675854
1524377
1625919
1929938
9429728
243687
2457235
262220
1272647
1546411
6676937
3324246
4603257
1934171
8958504
5620004
1376052
1485937
1544402
1221870
1516946
2727785
2117663
3243778
8754971
7170327
8878252
3731891
1447019
9735909
1114282
3675814
1797505
1922536
7994063
4639234
1189599
1406916
1766575
1366879
4527400
1717846
1120120
1566651
289023
3930775
2498230
2657638
2542605
4515782
4176829
1549001
1896784
3731892
4376828
7919468
1825743
1424957
3175117
2938868
191554
6677277
1114678
8879933
3847183
1948977
1354886
3216974
1480377
3994551
4273149
7956111
7546553
5467861
2757337
3265368
4482248
5387427
7623539
1803436
3749023
2708883
4905684
8912254
1650448
797148
3199515
7254771
5137423
2321210
9168029
1888090
5302779
1404025
4391526
186609
2527662
5776123
6451445
5335259
2539298
2530246
295161
1385737
2566398
3185831
2304127
3336948
1619186
82190
1505660
4901580
1506938
1637628
1714855
1847037
2986639
1490975
3586642
4536265
5529190
1973488
9876248
7556188
2103282
3230503
2405790
110214
110862
1107968
5562269
3378510
8774013
1917164
2527610
5275608
1431272
1430610
1390111
1659637
6436760
3593221
7944526
2167277
1565794
9226513
2288693
1902025
1375741
7964114
8614303
1232488
2222233
2865407
3937609
710114
135722
8814737
1787100
7796041
3319876
1424476
5357326
6391203
1926106
4251820
2172303
1769037
7374019
1992087
8285208
1250346
4586074
675726
1560717
1753903
3366799
8576886
1353767
5467627
2662493
8377904
6618583
1183888
165874
1115714
1147444
815424
635802
6490747
3922422
6208392
491937
3217091
5427451
2343041
2843882
3766224
4870581
8751561
5461556
8310339
177214
3479978
198467
1495284
3608425
3661725
728065
1890583
6972278
3984584
2461918
2264634
2868815
5389944
134193
3537691
1560222
7332005
8171004
7124330
8593036
2697275
2875465
1216424
2735458
5177361
1860542
1336360
4499094
5793689
1641253
9527467
912573
4324570
6442582
1316193
1921232
6505580
3444489
1950282
1365249
6153241
3149976
4833388
9942201
2875135
9663908
5224104
6254641
7402203
1849837
9546881
1590309
5278164
4874500
1871908
7109821
2425397
1897793
4345704
141834
9980808
8996457
1299862
2946088
7875811
2711948
7912922
7184141
2895381
1141083
1547710
2231261
6144438
1789478
1742046
2489423
2229196
6334782
2880121
6648087
2518984
7964300
5622568
2572312
6131874
4592309
9154555
826041
9893181
7615890
6483462
2670591
4708945
1498306
2799509
2573562
5286161
1775558
2865051
2870789
7291723
1883222
2377478
2613553
2478689
4574391
4587962
4899889
1261922
1260867
6607940
1128254
2718803
3937621
1470901
1889020
2412280
6229939
612936
8572775
1340587
7142631
2709802
2719572
8322736
5377353
1278612
2955406
3669894
1718711
1491319
5262875
4399740
2699068
2801539
1560203
1133312
1133026
6551523
283476
4145805
1279275
467734
1512674
9991854
9655339
3883258
2500846
1958605
1655538
595169
4905446
185000
4669841
2700636
4490336
344147
8808675
4214177
1954892
1562628
2173872
4796220
1706474
1310849
4782233
2490804
7699518
4311248
2436221
3539870
4227865
2195804
391807
1574475
4202137
2304809
4746381
7133486
478526
1441591
1134820
7186850
2533738
5103676
11306
2548664
8515124
7335674
8255439
1527858
3114922
6913488
4826969
5872497
1471188
5714818
2131189
6931652
9608046
3284178
2900463
1169261
4817439
1314537
139913
7146319
6433399
2811611
2354367
3187440
2558382
8965592
2939363
1549262
113863
172176
2901993
3221002
1786488
2566711
5251426
68895
1532460
1947897
2581633
261391
536610
3518957
7763800
1727023
329361
3335455
8556775
2707489
2918587
1925353
4437737
2984414
1769212
281842
567954
1837691
2798413
3118986
512713
1151687
2383605
1704112
2672227
8494766
8943245
8119851
1940993
6966654
2469108
1135772
4943596
4583454
1145121
2731134
9189833
9740596
1886895
2969730
5280138
4425485
3830388
1425333
1505156
171330
4180839
1261476
462571
2796331
3627277
2183287
1650108
2461889
5762983
1565063
2719514
38155
1182074
1868484
6624194
1450927
3767668
2198185
2999775
7641119
3919691
1716288
2384667
3130775
2160611
6784935
1543667
1828012
4719598
1227414
6467665
2640649
954085
9605142
5704682
6725640
4656558
7881508
8606906
4710628
2101157
1739090
4175139
8428351
3628339
1963757
2609749
3408999
9640696
1914742
3639478
9192585
131409
1390466
3364745
5383320
3160056
5399430
1360256
1189885
2617538
1127149
4544452
9153139
1682305
7764293
2355633
1427892
5289508
1335117
1527774
143650
1911452
2317073
6397407
8547339
2380637
2987635
1833367
5521220
2881387
9778105
7373835
2400966
9944936
1298930
1163033
1703466
4303142
4102160
2272806
3536614
4679232
73979
2192173
8500475
1447277
121956
9110223
7126577
7611767
6748833
6843816
3493525
2447240
4440231
2556822
5900931
3585835
4828378
2631453
3722056
4593428
6156571
9988512
3765975
1882884
3486774
3305125
5908538
1818761
2110838
6387156
6573872
6814859
320398
2668165
1372687
2859214
5963040
1979319
3672667
8438418
1388624
6998897
1512243
4592698
1363497
3567688
994910
166155
1835682
4509032
7112285
933234
9742297
6998279
3754540
1880868
139085
1719253
1600310
3553355
2629470
1132916
230017
6741621
7293113
7833195
3788596
3791619
2264396
9834020
2556105
1967772
4705555
228657
1810637
6238050
4556634
2481317
3503746
5448574
1740229
4431752
1255659
369768
3280847
5461576
1980787
3554022
4292765
4361898
1359924
2883722
1647929
5840361
563934
3424879
7919162
4777987
141177
2295955
7436130
962136
4352172
4576348
2220011
3763123
6160835
1691281
6124206
1182533
8718078
3980650
2176799
5547661
9720457
2873136
9600505
4858824
4603154
1434388
1223129
4465388
1582600
1664712
2635897
7569042
1695201
5178961
5593182
6854289
5630809
3913191
472843
8445638
32666
535340
1569887
8839290
169655
4569036
5106558
855293
2509940
9530894
5434928
2528011
2930647
1953838
612574
7133515
1191480
5248358
1576476
1131267
1538583
1753668
2370223
1953667
9125482
1801571
6375973
715646
113298
1670067
3873273
624212
8841287
2326290
9608019
3614473
5775225
2230431
2654776
2817306
1653842
1505609
9350602
2997846
8228086
7401281
1837823
3468845
5135678
5950256
1474192
1756553
1398330
1864237
2559700
7427793
1122569
3167663
1581604
4780178
9633591
65329
1530850
4340319
2168097
1539853
2108588
1832234
6195702
1546718
458189
3525909
1466484
2120435
1695725
1405994
8794117
9941637
6417761
2852786
9218528
1805687
689498
1395047
581871
126778
4804667
2614072
1339674
4867816
7242086
1924849
3290512
4357078
5492020
2806386
1603804
5980353
241698
3971740
585638
3937885
5789634
8877844
2244903
1317662
1371682
23077
1376031
1131010
1960477
8692555
3719235
9953158
1684202
4443538
6666401
3599947
3100262
2246327
2587606
1526588
1520453
6428187
2993970
2638149
1566940
2914256
1282060
1856638
4901366
563376
1595396
9254316
6606298
816388
1828349
4764971
1259446
9248468
5969959
169834
3350935
5351995
9937583
4621405
658465
1923870
4603149
7269877
3269927
3802534
2315249
2845824
5827350
4725203
4759128
9100749
5564337
4383369
4222912
8153537
4324428
768291
5459219
1929768
1491683
9893020
7697370
2665613
3743147
1923962
5922769
475582
5892174
1289297
1134111
4851042
1658851
1871120
5648866
8839622
6188619
3618463
3482984
3822705
3767632
4368349
3808804
2285950
8407885
9687888
1980826
155929
5796514
7834272
425599
3709799
5353842
1226779
2957247
9480256
35472
1411497
447710
4135816
1453211
1360070
2958128
1733573
632121
39479
4874296
7637742
1290449
2423047
5178246
3205780
1208467
966783
1134546
1819438
1673304
4439704
3743828
1430897
5329083
1407344
4868311
5984085
8810921
1931192
2680553
4424297
1948092
2318417
8513016
8783050
7472040
7583544
1547133
4427804
9100146
1187875
1633099
2759658
1257380
4392566
6194734
2462870
2238666
7633511
1550266
1752566
1737553
1143007
193467
3199610
3968074
7739653
6306692
9759854
5193458
3709312
220985
3436468
7532458
2642966
4736995
2726020
3276497
2485647
1668978
9637917
2539584
9155439
425207
1109782
2914718
3962363
5726176
1588657
1867203
3822033
9991009
3775767
1668336
3119889
7321723
9582562
3381247
3624816
3159716
5136188
1747173
3771406
4978623
3258583
2228835
2707097
1127273
4825996
9781865
362562
1300563
1290035
8479567
870687
1655528
3113122
1196784
1672682
1846054
6730176
346162
135107
1238063
4716309
1772370
2672289
3259255
2900523
3961213
1887357
9844676
1365358
2949153
191869
289905
13484
5828089
4636735
3122718
4741754
7142230
1866094
2501449
2970247
1729908
5366580
3142444
3722786
18263
1976345
4783031
2803229
3563267
1424670
2990223
3417757
4685406
2662821
5144894
6305519
1854197
2914539
6130952
3284021
1431966
9367971
3380137
3974150
2407387
3451439
9941721
1409882
1786174
3678762
4300147
171846
1879146
235835
2330644
1309262
8383158
1333886
460712
1173974
8724996
1300878
1969932
1570888
1566648
1522380
8890554
1674194
1379423
2534063
3798590
2598412
3685228
1768862
2139903
7766643
7824549
1209838
5978078
2647853
3746798
9492435
549798
6991471
1115235
1442146
1461168
9579316
1294439
7100469
9290049
1947128
7121318
8234561
6768648
193472
4433987
463073
2947339
1665576
5570127
5184979
214343
4248669
2653763
6630326
3953884
1248628
34198
1714683
3838779
6707085
2842242
6576292
1995207
1749616
1930482
1913350
2957491
694029
9534335
1547335
9750195
2145184
329848
1714184
6620356
6395303
4121612
3641064
1973197
1643032
2485132
5561109
4128007
4802381
1229148
9515071
2940551
4716083
5698433
2148080
9189293
7126350
6438100
7272452
1573805
1360558
1633165
5291247
1630291
5330430
2765205
1627087
8469605
2458994
5361069
132683
4840969
1573521
3411645
9801684
5152914
2579795
2587791
6229232
9269229
421893
1602974
3730721
7596490
1635354
428512
690781
1165342
3726648
2859009
4491841
196228
1293574
7364264
2744619
3689007
199084
1502526
9710087
8440600
2595693
1444025
3526811
1992181
2931501
1155063
2961436
1217447
2884342
2135859
5885699
3801231
3633705
2315173
474196
1755682
4214586
166177
6949543
9845152
2948028
2504814
3927692
4375807
2889156
3883856
4474952
4614409
1538432
2227988
2511369
2661195
5500111
339945
3307646
198707
2270110
6694320
2626754
3263301
2934189
188396
7643289
820267
421350
1915547
8865712
1688795
3329844
5407992
9495808
1214325
9455997
167632
1544394
15543
3464508
5829894
6547159
7846176
1634775
1633378
8226836
137195
43544
4162766
1509472
2170064
7218446
8783908
998231
9471591
2621493
275013
6907756
8731214
6383517
4992705
4747409
2549606
182014
4594494
6586675
9258894
5880973
2951791
787270
4355885
1310747
1436018
7789840
3570867
5376405
3841281
8949414
1795331
3854334
2866699
1342967
2679366
1185826
1786627
4737905
2857944
1807768
2187546
2451877
1921984
1555559
8376580
146792
1449683
1705342
2163134
7904071
8711474
1835948
4869410
216249
3992436
3739636
965566
2428584
4620118
1579556
5235216
2120953
9979011
278528
8981975
5190921
9424763
8185766
977260
2731802
2321806
6303815
9134527
6539326
1593291
5629678
1347974
9633752
2998160
2180609
3325520
3303967
6332810
3736194
2623986
5766442
3424372
5467603
4834586
7270124
3128378
4559584
2741965
1249106
5967080
3850745
7944959
21237
2660062
554931
8133269
9941404
1925430
3327423
1439532
8527347
477744
8698777
2871599
8891960
2719100
7390728
1234209
8554210
6672018
4832878
1731764
34959
3945900
5800742
3245750
8627919
1359132
9865951
9304687
2166754
7845264
1766125
640447
1947955
5210596
6842884
2943957
1369644
1628277
2315555
1807433
4740453
6712885
4273350
1937324
9912687
1796252
7797297
7474638
3738017
199471
456300
5869428
5719967
7387190
1791202
5484193
2168216
1695562
2761486
7927161
1527604
5993429
1223223
215701
2826691
5283034
2360919
7153653
8167578
1323422
4111932
3247725
1526485
1260495
2916180
5880447
6862767
8166311
1354969
2544341
3846647
5516382
1464763
1926860
1335273
3782282
4190946
291584
8112454
129914
2536725
6986417
6216116
3610751
4628599
1952301
3593708
4826592
1409466
2109790
183783
1609563
8755574
891301
2550604
1331025
1984791
2883692
1303226
253195
5676883
2458590
4787492
3741505
31457
2795447
1227234
2540236
5429053
1198697
4701077
1970146
1866336
2375551
3639729
492765
2258528
3811427
2415400
5612809
6891222
5245451
3397795
3305605
5807570
8264192
1579706
2317357
4894634
1825223
1101832
2788048
2675584
1737012
3551975
5498343
8923366
1420110
2871224
8471879
6197798
8543820
5591823
6992729
5778774
1407288
9915351
1499711
6238445
4161919
1204395
2129028
194441
7367846
2537940
1914383
395771
7795091
1291480
1662889
2319714
51863
6501905
7486048
1583243
4934880
4180703
3514125
1917438
925347
2268919
1938100
1117651
2543538
1864985
3289920
2419152
1575685
7783043
2125124
8392875
1845767
7977158
9972915
8117105
9900282
7863499
2485446
8361055
8699459
3555836
2850854
1580401
3824774
4370056
1399082
1560752
8992702
9838966
2819689
4974874
1828171
1446807
3399999
2240690
6274170
3960719
1575830
4627107
3139165
9652651
4219038
6277557
668028
5101463
8545862
1731158
1912445
4328
8384864
7609696
2743997
7904837
1379509
3746971
1483233
1915935
2475186
1799278
4362156
1116491
3559416
2964805
4238135
2677626
1366779
5534159
3453640
1688562
2229668
7464407
2373097
181729
1262836
1527818
1523317
4147956
2765836
4908515
1749399
2549685
8941272
6820519
6123977
1651876
4458099
2585415
4832377
9420698
8807291
7634422
2874313
1408280
4921498
1541651
136297
6867102
4411378
3872809
2801491
698770
6869743
2491715
2178043
2757874
7114112
1722339
4325361
170035
386778
1532318
1414758
1365181
2316606
3511707
223440
267126
1391833
6269071
2847610
1687162
7808767
2692864
7672322
7437533
5219435
1104773
5963582
4700116
158845
7731435
9167446
5195264
8309184
450274
7713337
2188534
1664467
1852827
12870
3611156
3526643
1672865
8964521
945357
1505291
2599129
1761905
1912832
1942492
9448556
3540918
1428081
2829713
1778397
9913698
5312184
5154464
5476628
9974973
3570779
2662089
1831957
6679568
3206182
2347841
5993077
3318694
2949340
5492163
5245009
1266140
2391933
2246915
1234615
1390477
24835
5684863
5810069
4671486
3949618
1214773
3845103
3353077
2165630
4739066
2859047
1678310
1369801
6544475
2871368
1723270
1394706
1935948
232485
5175264
9639471
8764725
116337
7532282
1509977
1482156
1724838
2313119
317743
2991332
343376
1434533
743147
8243267
4833244
4500727
2312647
1405148
9742534
8597790
3891303
4611472
1907304
1358592
2122241
3569151
3858163
1309452
3547906
2591708
9831002
1395539
2583480
4553316
6893982
2339053
4619531
8212732
5336610
2165670
7431649
1376199
1328910
8177229
1490005
3736206
899989
6476439
345202
229499
2275875
474251
3158383
1129016
1657707
3787259
2412453
2139630
15399
334261
6463083
1430671
7763997
3997507
1798464
1674508
817749
9111954
2206001
1614132
5402784
3349689
2983243
1570969
1347228
6597358
3373254
228538
3891183
4348303
5763089
4128661
2983220
1785573
1932168
3116311
5655600
4738075
437500
4703720
8257825
4220379
320477
1433584
3765699
1654481
6480050
1368269
1199038
6579265
7788765
2225754
2844544
9100931
2797000
3246815
2921285
4229244
1477455
2986099
2407072
1592670
1711177
3523174
6649873
2946278
1982946
4782168
1538467
4183298
1241191
4297992
8767161
7732957
1440067
1823356
1165630
2248230
3259377
2219568
2332777
1586128
1994379
3725642
183420
1443493
2547696
2460375
1306604
4600290
238316
4100788
1183250
5481331
723937
1674015
9660289
1145228
3506529
1351858
4101514
6122
4478919
1574254
1532083
1527567
2315264
1513736
7846938
5915375
6535008
4163380
5477537
4962800
2473673
1441233
3101941
1371057
186275
3578220
3642380
9162306
1356982
1663316
3878662
7810947
3325568
2776122
3651617
5208828
7402454
1431399
571102
2293791
39342
6958460
1489596
2997376
2955848
3126424
2839074
1199403
1221035
6633490
1387381
8942172
3639020
6899659
7371742
2643541
3992796
1504377
2765650
8474822
2701331
3372242
6234805
746055
542674
7298587
1353901
1212409
1443606
9448483
1134216
139931
3768837
6957894
4644224
1500403
2209755
5287778
3168534
2289906
3687873
8944892
2822115
7919042
578225
4316277
1127888
7233775
3727138
1129121
3491344
3577540
1425357
1469544
1185563
1816677
669881
9204696
4159869
1582778
3993037
238334
5930942
2480728
9923095
2521463
3896869
1864494
6695827
2288389
2531676
4722713
3138928
7318625
1810754
1850224
2536801
1759776
1871098
1253515
1984119
1422207
8555000
8347257
5748188
182142
3508787
1929086
5412633
1826328
1953301
3368827
691582
2250029
1657091
5824483
1985746
2446584
7170876
1105949
2920407
3428809
1415753
1957547
1364671
6569796
2752201
2614452
1479314
3320892
1899810
1690346
2421089
5204817
1993390
7649420
3362753
5779685
1921750
851538
7763107
3524274
4493483
1757463
5548826
7808304
3729673
6258159
4897512
3280846
4165989
4239504
7383688
4492972
443172
5429299
1274380
1567293
5729641
1379735
1299828
9939706
8728280
1911746
6925737
2450807
3471955
5405934
529052
2460203
1888976
4476059
4402716
4523031
172307
6338318
328935
1908218
221709
1303812
7575595
2343828
5151825
1115521
1430566
5472603
2961450
5212664
2676231
8787766
1666874
3461164
9308538
142181
1470587
9113867
4331459
6119747
3822436
1225518
393088
1553025
1174763
1343891
2531859
1484515
4822848
1949839
1694639
6918530
8233770
4212872
4802701
1732299
7870169
1164072
2323053
1828274
9610105
3656673
1500361
3188780
4575646
7794305
3261246
1290697
5511986
3688714
1843565
1899801
3488128
6505071
1982500
5890845
9638174
5563771
3423518
1935682
9790925
460383
184493
1363076
3376593
5341740
6460750
2905244
3188002
1597862
1734895
8280085
1474038
3684652
3122949
4756464
7963080
1504302
4992361
722366
2157501
7185724
2185876
1125275
747756
8319629
938789
5537650
3347201
1117593
3817835
9170954
327512
1962516
1221614
8164785
2675904
1525581
3951456
6119219
1301208
1275039
2813770
135198
9462352
3656491
2698524
5131142
2557368
5979149
1218039
1445449
186610
1730451
1599826
2898429
1816693
1451512
2477549
2840413
2107951
7757704
6938361
1555683
1311808
1932400
629173
2848392
1992027
5464584
6397406
8610778
2501822
2903754
1259797
513803
3254013
8468301
2417227
1612318
5688186
6514152
1460079
217717
336272
169245
3310171
4832087
4363809
6304994
6812627
6886824
4917501
3374759
3726848
7760234
413311
1812632
2249542
1752420
2228722
6720686
2383519
1325906
7217639
7958038
736789
1520188
286994
3276327
5677382
4193374
4153075
5585634
6954234
3941121
2335146
1113922
1102254
5954692
6620782
4626656
189404
4700134
3283182
4687328
1843296
4843094
5974085
5967309
2478594
9801157
7951303
9280424
2952636
9558894
3921393
470103
9880592
2722389
3217073
9472960
1927081
53947
1304468
6442953
7279967
1466134
1725741
5545800
5635293
5889545
2608294
9741701
1405368
3980489
1725863
4325133
1759271
9250747
2475316
5328492
5713673
8446210
5360096
7525670
1253864
1267753
7796621
1511295
9672108
1964558
1853544
1975619
1348341
6327933
8609580
5636146
1452557
2383081
5636991
799596
8685711
1161457
4473293
4497862
4740739
2214741
1770597
5526080
6143768
5996197
8788545
3854633
2595572
1581620
1913006
1443786
3785325
1631156
3525007
1861103
4643853
5579586
7724164
2175427
1396957
5329721
1249666
698972
2939852
3237601
2221872
1168487
8787440
3665476
2150890
1847617
3769975
2820771
5219673
2463308
4472449
2560466
8961952
6416053
6369941
2753186
1235145
4529051
1506561
4314179
9491162
2313317
1584890
1585480
5183308
6436390
1962334
8400294
2743714
1986103
5449530
2413176
3340630
146828
1316567
6561879
2790572
4993635
8811984
8952721
1752812
7840982
1625930
7608581
2212306
6494773
6762930
124326
1989202
1828464
1361929
1688539
6342504
8652716
7379770
236093
3951419
3320990
3769558
7458475
2388036
2459639
3141506
1534011
9404822
1903427
7979267
1861909
8988881
1442734
5164419
2745912
4670035
4591869
4777053
3915602
6501086
1253672
5271996
3883541
3292069
1725609
3360195
1679324
199846
3610152
2550319
3520698
1893120
1227765
1264752
4684550
7696209
785245
1829496
8585564
8921437
6741629
2681178
5272458
4546167
1769978
1207363
1872431
1331701
8941537
2986208
5875484
3820019
1822644
147304
1415953
1115100
1573440
1594364
1283747
3509298
1202383
139519
8194877
2257064
4513056
1626873
5799367
3676969
4155547
4770750
1497354
347054
1693120
2372345
1994340
5641903
3665174
9153830
3130897
2879599
142917
9721592
4433378
2987900
5829491
1885069
1803682
3657158
4307726
1269032
2332140
6142305
9824507
6943886
3337752
2916692
1910913
3447494
1981133
3842128
6398198
7178515
1939151
6589507
5262784
1826891
131038
2674346
5716514
9102281
1102025
5729535
3345047
737524
2312042
5703849
1688664
3675095
146668
6965407
2855986
2383757
1570390
1553592
1737351
2252564
1787702
6321731
3192727
3452598
2387273
7687500
4306398
7489091
9112679
5155788
121233
1865655
1919217
1347365
5775876
7464693
1508215
1387602
1736857
5989565
4433129
120391
7942986
389132
1312346
1812278
1152889
4908265
2883513
5504334
7206292
3468514
1739547
2885759
2287024
2960607
2972364
1360492
1860302
8487649
3869865
8278992
2663608
2848944
722802
4387200
8695629
329989
3831606
2495109
1498336
1953162
3434432
1613967
8994206
1261922
9433487
9252689
1946782
3767063
2690158
6856394
2783533
3142494
5675450
1196144
1365145
7605672
1281370
1129161
19208
4211035
2241193
1294987
4642493
6470113
661551
2822926
5494035
1709057
4891188
1540561
9120168
1183182
1831772
5207019
1652539
4146427
2955733
9280278
1147289
1515382
1184207
1522270
8221332
4914792
6815757
1748237
5967713
2178941
3547625
2189567
1517324
1852180
577559
2252185
4545899
1620493
9645811
1582523
7123543
8534457
1710051
1123144
3303319
584983
5589371
1724111
1370765
7978856
6637008
2132821
188851
662080
2545732
5867813
4378651
1544712
2436787
8231664
3856763
3256676
4352901
5927757
6771256
3348424
5319075
3608447
1779275
4254698
4378225
1876045
6984858
1297371
9700581
1928277
2203059
1464788
4419867
297326
8659065
280370
5970085
2753227
1394762
9607470
9994282
4113670
2522633
7191762
1761025
199604
1552930
1976352
314555
3169009
1704456
7502305
8911140
2303991
1260262
1776700
3956807
7907057
1341051
8174315
2659513
2989008
5900195
2308418
1997680
6227982
1553169
5433515
8727167
3442825
5273629
4144895
1115152
1309087
4424796
3246942
1809726
6560142
3362314
1755744
3781457
4771861
1237375
1523397
6601312
1847174
9941588
2310462
4992664
1975596
7156426
1704146
2563584
4259422
1922789
170094
2542997
1315687
2800558
3431437
5570938
253797
3918607
2561945
3591863
1935730
1202248
7334432
3308470
2516028
116965
1894683
2159696
7829261
1403243
5842234
4955314
1533905
2242959
2602499
7394370
1790109
470155
1766465
2298789
1161437
1132907
6895521
8766852
4177504
1595370
1724534
1778733
191548
9741452
228902
7297770
9615660
1677856
3482234
5766847
5161582
1808708
1529060
26825
3647136
3426634
4942874
4324182
1521716
1858250
1426
2143620
1218288
4715812
2418577
3644896
2539215
1833593
2503083
2758221
1349453
3210541
1209771
2727217
2606105
5546041
1272880
5308557
9157595
3682106
1597795
5218861
7183213
9529702
7290377
8538202
389596
256895
4166216
3335960
3700195
3650247
5328939
9587518
2883636
9316265
911511
7993111
4503024
1755911
2697459
4168836
3909767
1800741
9668048
1675176
552547
3503978
8929308
9990257
3746231
437317
1610557
754122
826946
164548
2564559
1826796
1623667
862089
1156731
8936821
1844423
2542683
194475
2838635
1365568
3349280
1215887
1130883
2314743
2802454
2439612
6699668
3946250
5476549
7340699
2700864
593980
1417473
9565455
1459593
2201426
4368278
1465057
3588759
6923460
4458429
912364
7929532
9912236
1176987
1723964
2796638
2343090
2549074
2147009
1881708
1713394
3547046
1437237
1994377
1305679
1577375
9964998
8464281
1717526
122024
3382968
2639105
3954728
2490397
1879569
1916167
5197297
1347823
8893974
3382247
7861232
4802011
281873
69091
4820039
9805919
3139231
1898523
7971721
2630351
3555290
1213104
5690390
8972098
7694527
2702528
1121131
2447115
372650
446000
5257025
1810380
5373208
1246017
521453
1379630
2147943
5549962
169934
3396193
1669016
4952978
7814611
1678014
1896903
1338713
4238387
7432852
6363646
444667
5622381
6534131
3972074
120621
5384136
1374133
6298045
1469019
2191118
3340451
9681051
2915094
2773872
1991578
2513140
257690
3565260
4840804
1293610
148669
1965792
2101825
5422760
2376194
3294129
4367844
1424671
1366580
3289996
148523
9337908
5584099
1482559
1712467
2641883
417396
3720711
2745438
5331415
2152991
3713008
2578075
2877708
3982821
2414325
1954489
2233165
4300539
139912
1679798
327564
5941040
2103958
940822
2927661
2508059
1233429
1663056
1865164
1871639
3812976
1443632
1812853
537225
1576198
7825400
2769891
2297641
1316420
6515469
1400051
3650857
1249434
4362585
1216604
1339897
4875446
531007
8188957
1203943
1471364
510018
1803590
1115171
6769073
4341438
6900981
5463313
7614502
1253410
1119051
8643785
3988784
2930901
1146498
717885
833664
2169941
1711767
6361532
3859846
3552190
62254
1122479
4893201
2968656
5682261
2759372
1568815
4986263
1610137
7864092
1888123
6794737
3567181
1282441
8795319
4331416
1816512
1692724
1251965
5839271
122347
5926122
2550065
6660738
2690420
4775403
1465371
1928813
6535139
5938372
1723606
5545598
9857815
427670
1345362
488804
1419770
4400983
4745954
9714730
435514
1331296
8163823
154749
5428651
1580782
7696217
4742284
6647859
1399346
1593014
1800285
9961185
6938907
17335
3287178
3659620
1871864
248226
1140022
2321270
3820364
754334
2888877
4541726
469784
1652545
1424190
1857837
4384571
2704810
5790202
1608045
5766666
3186900
2507269
318743
1630172
264688
1672332
7258959
2493343
971558
9210799
3105578
2132139
4930990
4420336
5203137
3915337
1782220
9573564
2144808
3244230
8449120
3548481
6747624
140
6115896
1295127
1393800
2630193
5979602
481257
14592
3978325
9803857
1888273
6140707
3543482
4312104
1613810
1168673
9800176
1408950
1352572
5157537
7648733
1949364
1971048
8365918
1532331
3354406
167066
1572456
2847327
4213226
1127102
7635044
2873582
3292128
9482576
7904951
1662088
1406764
1976440
3807087
1352524
1482293
123171
6267573
3112031
7405136
2511487
2230203
1300389
8479649
7408395
6585257
4828054
2536531
7335045
4781043
1620884
1296941
1530231
2214362
1714940
1210623
1214058
1344966
1961172
330560
3935717
1701814
1435673
3562898
8418710
5303175
4862359
1726090
464877
388594
1160219
5185175
960302
1277930
1209601
2146487
3871117
3992154
4791024
1899669
255693
9460846
2999182
4505065
3936051
6883221
4596862
1261403
3990892
1592480
7696039
1900163
2289775
8548758
2608486
5329798
2793339
8517759
1788715
8534042
4243547
1523126
1817865
9506292
7910869
2607543
3131180
1849451
2944706
4749396
4135924
2475244
693573
2569397
2255240
4410989
790181
2448139
2719585
2667605
1280335
395930
4767298
9157914
5207585
276364
8341973
8746573
1637331
1507964
8386872
1528759
3937384
1226893
6592886
3127422
5604421
288962
9553293
7893398
1343996
2701200
5128195
5462546
4975766
1547899
8446637
1839267
1235120
4685519
1625041
1126147
498969
2910169
7344200
244723
667655
1602491
4553342
2416685
1230748
5518177
5522825
5827640
3656670
2538506
9484231
1108301
1278492
5257153
1851360
118280
4396457
3782126
8776405
7608751
5784345
2255412
8417110
7149045
1157524
1638397
7563435
6191823
1619896
194507
1657822
2641969
6703180
7245635
5337878
8166073
141764
2983103
3808390
3624993
3395743
2654835
1142598
2447196
4453249
668668
2346110
593420
1663858
1885526
1655131
2289652
3353545
3626685
3545339
3569180
2437251
5595389
2254150
2346298
1635037
6331381
134161
3189161
2631865
1187362
7914122
1285271
815026
1986148
4977571
4614691
347089
2456008
1699904
2395875
1939752
9648858
5997280
5294686
3976843
1135537
4197420
5155317
4516595
162283
2555368
3295760
1905680
1879296
1459354
9935093
3746320
3800937
5423342
1936159
4833481
1459793
158227
4129786
1741090
2857771
6269574
2149480
317526
1777394
4719552
1297783
7438167
1941232
2437690
5313679
6384671
1551552
4533525
1839354
9618000
8858209
2167271
2882961
7762807
3915293
5422055
3594801
3961733
751366
8439194
7265988
4480644
1180026
7981664
2367310
2690289
121969
2631706
32385
143437
1250429
5950907
2433542
3566679
8222214
1438175
1318052
3152543
193078
3147439
3550316
1995530
3829010
1473244
8803412
194228
4393654
1584175
4444914
8949754
3207346
3815017
2823227
375957
2781867
3410376
5977366
4715719
3849865
45604
4263750
414282
2388020
2188758
9169006
1436931
4207670
3370778
1153628
1884958
2940425
1902885
6748095
1994030
1280612
3207381
7631185
2712466
1597250
5928257
2904536
6148893
3642703
9666456
3950389
4225145
2958683
156069
3672758
7132092
1258436
4248688
2978703
1846207
2551180
3234651
118371
4416212
1324876
7769930
1711543
2589145
4637856
1944619
5631817
1952110
3967974
963116
2358380
1692316
1658639
2388008
898475
7340196
7203328
6944025
27111
2847283
2956754
1371219
5867187
2219800
1878269
5931055
4380916
6827138
2772598
1638422
1747492
4318351
8316241
1789866
1851277
2945104
1907350
1229393
5496016
2178824
7276610
2347451
62695
2885800
3441464
1940938
1515509
4493118
3308093
1398166
1289979
1889297
498612
3394510
1650734
6296736
3638709
3581184
2976849
388705
218572
6789357
841488
6619963
1662177
2470956
1977875
770745
2693787
1215707
8357707
3694570
4844386
5390134
2474378
1595883
5346233
1550997
1875142
42094
5663105
8941533
1173482
2724154
3551373
2198489
1535850
1352649
8438267
3147518
3292078
8552759
175925
5925275
5998750
6669992
2265869
126316
5327285
2864963
3993492
1909565
1266735
3286442
4669893
3461364
2382162
6794774
1296539
1525118
426062
4298597
1899781
1166139
7684729
5475164
8547329
1562537
6907352
2570816
2729330
1875283
1478483
1905716
6664953
5367419
1187927
7513737
9535139
1523084
2577842
2173601
7651525
297728
2610531
6434199
178605
1314948
1453025
1616586
2282161
3843239
1219481
5361470
8801360
5679594
1289854
4526874
3697089
4322318
8275107
2326740
4835683
1601651
5645472
4630010
1359795
3820912
1900999
2794267
3714760
8833565
2705826
5391095
1312788
1532028
5727900
1265197
1116469
5771512
1683445
1936032
4245125
1669049
185455
6594908
4657376
2234803
1872148
6402051
1916702
1380818
7579817
1453817
1780089
1300756
5473188
1399747
1945328
1184443
182428
2270812
1286557
2934112
5682850
1370863
5339012
143105
1868108
2179695
7926860
1555685
9119130
9391994
2748392
1675200
6983542
3665696
6987504
4803205
1396694
458086
8170298
6192625
1644313
3993730
7905927
1795655
1554305
1764997
1333438
3261898
1785095
1864404
8552844
9135038
2803693
9150936
714694
173562
5977014
1701298
9326155
1229380
1304758
2154338
7418568
4820899
5815405
2534037
8725229
1576819
5493703
1625731
1824477
3887544
593297
3255804
7817521
1772789
2844835
5587113
8596626
1706771
8285788
2146748
1657072
1584371
1588098
2562440
9340113
3398742
1544996
1163541
2331711
5461510
371848
1141666
1608163
1405288
2443026
2879082
5265674
7102125
5681870
9181980
5241868
1560561
8839397
2128556
3168402
4800767
2530571
5365405
159413
1516463
2838651
2806796
1376456
4915198
5264823
6959077
281146
2844205
943340
4399335
1973083
1174884
2760062
385991
4700987
5234929
9598840
1512048
3571432
5918392
4743495
1259943
11659
3611397
3979569
6381798
2744657
3515597
48077
1272202
1765204
882409
121840
1966938
6732537
4514151
6424400
4487161
1127098
9854292
3864201
9838873
3525742
1158424
1654588
1588190
2595536
1433044
1405124
4588807
2700194
2168632
5101839
3191444
4411238
168346
228853
4756072
6502906
9171869
1610293
2183542
3202412
1198436
1511962
1674794
1137203
1353701
5565218
49224
9112252
189093
2426266
9499978
3286127
274583
8525588
2678018
4830270
8242994
7240258
1465510
3498635
1199312
129073
5608092
4397632
7720279
2564706
3549899
2158416
1926786
1720869
2676530
2835538
9209511
1389305
1335616
6969460
160703
5149477
168253
2861967
1129329
9388903
9124098
7331364
2432291
1182637
3186402
2701446
6928430
1319925
168694
1472580
265571
5696339
6348257
1163105
2536785
1309957
2556000
778077
4891396
4723234
2141317
2214987
1726654
8645269
3844427
7662107
1535120
3836685
1128445
4681643
3875790
6468032
6478317
2772829
1664022
9406517
129856
6673102
1866532
2309797
2227422
8794905
1307723
1165627
9219501
8170869
1197998
6988098
822500
1641353
7978184
1227094
1865841
3581203
5939735
6835758
2474527
7802865
5805842
687268
1201687
179326
251646
4154366
1365350
2362757
3311032
760908
1551415
6865696
2345302
8249092
2426845
1942633
3736548
7459087
4494667
2556841
4567980
199544
6964696
7466488
1255296
1644252
2443701
8829928
2997659
6475018
6149172
5995069
131981
1795344
9708163
2525401
1641025
1339060
1711252
1199316
2179719
2601589
5316613
6756303
2941183
4693130
2227358
6102754
3301789
2482834
1848268
3752184
1735870
6978380
3584987
1562341
114884
2553475
1331671
5107058
1172576
9172701
1773436
1649093
1720616
16681
681867
9487795
3310264
1538785
2751267
8309153
2334480
484871
7212549
6676410
2208978
6321291
8850863
1596686
2675717
3740583
3290088
3184537
2142942
564324
1386699
1143611
2155793
110243
1533425
591345
8891874
1704140
2656493
9592846
2604076
1350270
9327317
1534849
3406647
2708603
8411505
6619186
1546121
3399862
4972111
2189313
4971038
833609
345212
6764037
2829674
6643271
2858087
3952120
5566912
2172143
9606472
4943240
1538883
7524448
182432
1262647
1353430
6269005
1324125
1607596
2835680
8925481
6993991
2206559
2648107
153344
1168970
7509882
1578929
3764786
176576
8416042
8478896
3357263
179837
1950828
8269831
7206312
3422575
4360562
2405653
1689602
4683950
1244013
5863547
4901344
1511382
3426017
9890338
1165863
2731840
2686844
1993300
1812001
3721415
3507160
3181319
9594202
3174210
2679973
9838685
9580928
6666672
1359272
2627127
3143316
12715
1441381
1329337
2108938
7973099
4498004
5617453
1909385
6255186
2379410
6838675
421985
2429825
2446584
485311
4490741
1623452
1557474
4731745
6799889
7214312
1361059
2643531
3911833
122664
4743026
2324216
5882818
2397024
3659153
3384648
1305374
4880048
3464115
2428983
7644817
3773818
3790055
3878895
5300451
3602768
7477952
9825050
1667641
373099
5917786
6924115
1535621
655908
3189228
2124262
1653887
6755618
3600597
3904183
2404616
1506427
9785964
1691973
298801
4727494
1118619
1574684
3878993
5190973
3192961
5240497
82718
5438675
2935623
9529622
2884315
2848696
9671201
1221567
5796343
3826420
5143575
1503970
8637178
4523635
584734
4386273
1133784
1570802
7601269
1475481
3458174
4238748
7827906
5437827
6618531
2623656
3200618
1696631
4226284
3946952
4230184
1446826
1513261
1548356
8851180
110347
2704095
5288738
6656657
5208709
1730027
7286733
7926898
3218152
2629045
3168903
1994136
1400664
2217983
2110305
4720433
7320630
1152798
1272607
4632842
4921385
6649766
340048
1321475
5842328
4766163
4639018
5255280
6201255
1652998
5188305
3116860
3418643
3935646
1182905
6635715
1796837
5258116
5110829
5955961
5352454
4494228
3261920
8344779
6694855
2200985
3800440
7402547
1482635
4535897
4609768
5627134
4302971
7751935
2891297
3256191
5412842
1703041
4194834
1961928
8415740
2899845
2507276
4353720
6343348
4581101
2353696
4859128
1182019
3126701
1718698
2709080
1534865
3811766
5878452
3172088
9897808
374567
5672713
6117002
5235682
3600416
5896137
4359013
1966078
2709970
4507271
3741757
5183492
2989638
7603401
9710831
3951334
8475661
440078
2972592
3295966
8818097
1756217
5297800
8561063
2319635
1357400
5827898
1277996
1396710
1511163
4928857
1242813
1751183
3699492
3613891
3989510
3731475
1271618
2513698
137662
5471847
1346512
1893819
8690357
1206618
5697319
3866581
1296151
431502
5282564
3191669
1651378
2246650
1874320
3966291
1608322
2957683
2433893
1355805
3676489
1890563
7433074
4799367
1804023
8803366
2764976
2758538
1378515
1417327
2962662
3670373
4614358
926698
1868046
2448426
4754208
7170142
2105977
6761820
1889707
1267627
1786131
2841801
2703719
478630
813929
3896277
1841851
6764476
2680443
1470533
2878137
2467283
2148379
7841367
8608502
1126702
1815905
2187452
1145472
7876758
4989915
6650749
1878395
2451246
4464421
1235343
1876254
3151049
3892272
3293433
3552364
6321077
6875876
638695
7493917
1441675
4282520
4804083
4987222
1298448
2792119
1378202
6126339
4696641
1732411
7655452
1198582
8644012
5815761
1311347
1727082
9406036
9636921
2211013
4808818
5441456
295890
1378493
5289346
9444606
273589
1119556
2423418
1900106
2548164
3168276
1854474
1234850
4355428
1950038
1869642
7303919
5804730
126006
332306
1116662
4635430
2270183
8770144
7235566
2513305
2672827
170800
4943697
7503722
5548778
3355619
6984467
2598373
4168282
3904912
327170
1979020
1793233
3587488
1209271
5168290
1502942
6438831
1793065
417051
4610182
1747411
1206064
17416
1206175
2558693
1375953
196999
4371634
4171641
1158116
1441948
1946301
670667
2969547
5803894
6776514
1310211
3615819
3863141
9215829
3290044
6671767
1793693
2353143
2322310
1498520
2294586
1330445
7799840
3394613
2567938
185484
9387042
1787906
3372174
1663856
1852724
4869363
1603535
1558605
1644330
1191111
3904849
5581743
7936554
3748165
3488992
1909940
852118
1881569
9413099
8980930
8623684
9521932
4853725
5204291
1940048
1142830
8402673
6906295
1222048
131605
1677848
1970702
3112625
1171140
4289766
8256473
6747512
2882526
2300414
9489392
4408406
1736671
3296421
3418587
8930835
1957475
2901974
1561980
2577472
5711435
1579523
1855089
6895644
8902881
3855449
3503837
1130284
2893764
152199
2640912
1187891
4339776
4804014
2246883
1653059
6738544
5425069
7124012
5110450
1676798
3837741
8206632
7964073
3406929
8927156
4457114
1109971
7257269
6805251
152565
6415121
2633126
4995051
3338196
9849283
1577111
492804
5540460
5948377
2662479
8618304
3791317
2255506
1722499
1764044
9673025
1979289
8909643
1815948
2591036
8262772
1743711
2759055
3389888
1980064
5631118
1827700
2156941
898732
1222342
2321311
681469
684149
1765691
3208394
1823768
1381462
2750813
1599401
2817605
5773619
2421879
3593810
1796899
5685408
1963834
6337982
7787153
1735352
1932371
5418463
6903397
4756010
1392032
2241629
1559959
725823
4323405
2281009
158270
2742361
1720271
1844863
2813198
2214977
1247983
3141569
6730726
277710
9997256
2503770
6609675
4441367
1407207
6292956
4772056
1293129
3935389
1540931
2316987
7258805
3240668
7256259
6217679
7302312
2351532
6332780
1572861
7424100
2766605
3994036
3176226
1184829
1991957
4616925
1617115
8498995
8516143
4862801
1225844
4595910
1131502
6805936
2755600
3421134
1180528
1701825
7262294
3396723
1783194
2752931
1212935
1920068
1363154
6260362
2912300
2557579
6365878
3940674
150320
2417035
3612551
1272504
367045
2577636
1906155
2894206
1812016
3202913
9139602
2537854
1212589
3587447
6392833
3121839
1372710
1215323
3369291
1366795
1991326
7147730
4440744
7779636
9437197
3947153
2377498
6119429
3137071
4643840
8447765
3917119
9730355
138778
138393
8828847
425216
192757
7768150
2957917
4577641
3448128
4196552
1250992
1873918
2919510
4310680
2930311
6291094
2899798
168890
1515746
2279933
5165381
9541142
218495
1557623
2454814
7743162
6680302
4219780
8921630
4414932
2558773
1945575
1148014
2795266
1362161
1185831
4857874
1227533
2510756
4961157
8854514
7110549
9622212
4895621
7598868
1479434
2298482
4552657
2527577
7995485
6423112
156816
1883147
2841507
575335
6434647
2281706
1491198
2871465
5890825
2823140
3735361
2830027
2914969
1811356
3897075
2881342
749003
6418738
1719044
171897
4980559
1298143
1258106
2830602
3924137
3449947
4371441
2843103
4506805
3744979
2559733
7872950
6574548
5734269
7187648
7502157
7694710
6528666
1791815
2690055
9717282
3373012
1452895
1221608
4933191
1865038
5329500
1322012
145320
2654325
5351342
1959038
5830453
6307945
2114475
1795750
9700221
2279800
187593
2673291
9332020
2535496
2845967
1695898
1223519
9990178
283863
282862
1365768
1628505
3926821
3735316
2695773
4239597
1899144
4896218
2357064
1115313
3643134
1703764
1788774
5586358
3627074
247511
1691144
3450933
2835071
1381012
3951653
1553984
6860659
358582
8381905
1525312
1527332
6660097
2311810
3622345
2920763
5199706
2955978
4785571
787167
4363638
5449235
231865
788869
3277482
2440818
1494392
4672309
6900086
9474968
1741346
9513160
2277563
1317207
3684781
3452021
7439275
2598464
2871479
1235303
4414622
7948294
6404911
8304055
9962656
1162129
2465254
877889
3622829
5751629
4416508
1629129
2668321
6959697
2894886
8597744
1863619
1872912
1200402
7638936
128468
9543538
2554591
1578006
1531623
2652715
332975
8710930
8654968
31657
4299278
1229170
9879290
1484030
1341444
8780191
1126407
5878362
1941837
59949
1481320
8975419
193758
1404283
6854782
1225037
1530995
1844932
1557407
6273354
1174747
4577162
4440856
1126517
7889460
8324055
3527161
3829245
4393739
2268572
3742559
4470567
6295025
134667
8422388
1781713
3387864
2165469
955784
5785743
2432309
8764135
6480140
2327421
2341126
1877057
3359515
8582965
17479
635985
3150802
2670909
2179540
3753762
988559
1453980
4591516
4924832
1264159
1771594
2166364
1900440
6398053
2702138
4263869
6796289
1695821
560114
5302596
2794199
281644
3424231
5988672
1593291
5875018
2629939
156066
3194181
3263118
2313653
1698439
2131083
6544611
2503602
2690280
2276761
8977949
2615063
6495560
4618767
3917085
1615365
1161332
2261016
4865767
3392391
3804397
2830036
1897860
3178934
665454
2531415
2596068
1740234
1533695
1476254
1655137
1275353
3982479
5923432
2208921
1346307
4573154
2337059
1402504
5915596
4350514
1613238
4856120
1431014
6862185
1827378
190794
5982804
3212299
4419124
1120728
2142653
6222040
6728758
4862348
2244134
168048
2879786
5173705
2176433
424175
54400
992423
2531394
6713486
1618395
3724826
5614122
3884023
4401332
3137375
2782780
218307
2567829
5411946
1482695
3639235
2501950
1507910
5660976
1353293
1467732
9369587
2679875
2584024
1209444
2412339
6248340
2883224
7502028
9169034
130179
913741
2265496
2734854
3457527
1254515
9602514
3856101
2666395
4663671
1161488
2377491
3601899
9124116
1371344
2150618
1962042
6440811
127365
5798589
1740566
7100833
633471
5467500
1271956
389525
4572985
7222942
1628197
3681200
6311996
1191557
2843021
1641942
4356702
2506349
414823
3433251
2678871
6193995
7245876
5422580
1473169
1486422
9782536
2361876
1725576
1593509
2921988
3814368
8796591
5435675
424347
1871775
7994587
4846837
2466024
2446749
1566455
6623649
4790707
54632
3682682
4966718
1925570
3534606
7205532
9969025
2717633
2826871
2838016
1122814
5845375
1416918
93294
2443019
1190364
9576743
4624303
1738276
2131491
3891815
479873
1306845
187495
3360916
2344120
1320048
2524406
8961077
3217684
2606599
542572
1825159
2585618
2106655
2910976
4230483
1338794
3242804
5622741
5892103
3458793
1990275
1269924
4256054
1427161
2546020
5317372
5263492
2881624
2244645
1982874
5418024
6836373
7909052
7311361
6347263
3811925
5664210
8594880
4565819
1768967
1441134
1931067
1245874
3202872
1551264
2591361
2294774
256155
3275195
263329
3963286
9548661
3715290
2388736
1611418
9292642
2937728
1144231
1269000
2695525
9521335
5639669
1460027
3734828
5312712
1566899
8777102
1760965
1212397
120786
2863982
1636764
3685816
7971946
818152
4282062
1407721
1369845
1194061
2170166
5482312
132005
1814822
1968004
4796504
2459901
5683402
2460201
4392005
4776317
3349940
34713
9980777
2401430
2132268
2983181
4362614
9652962
2746359
185027
1945179
5347450
1284701
9105981
1768569
1661177
4380222
7171239
2655091
8865183
192578
4230256
2222432
1438132
7186103
6134651
362635
3800891
1731128
7629501
1539812
1459296
5888035
2236495
2910270
4447819
2880661
5782215
7376931
3243797
1408712
1286850
8640126
1709832
899591
7466782
6896041
1774701
7929914
9939530
163974
1914996
1216268
3389953
1776803
8432234
1322645
42788
2248508
2170792
3206760
5780866
4209528
1563619
285408
1238817
2904195
2374472
1990176
326487
4655882
1350397
1507412
8873693
4977156
1821421
2239993
4410018
178248
7898565
2881226
5352351
1272526
5765199
653163
6641281
1799534
1614118
1823237
1688208
6725832
4821781
1447631
1520021
1981523
1547178
5534711
1972720
3266350
1586196
8155576
179513
1749463
4670722
6398466
1352337
3192519
38791
5418506
2838402
2393584
1366893
4787671
1472277
1350171
4802850
143579
4252462
1393992
5301479
7934787
6829160
3312861
517652
252288
4809695
184098
1640656
2868378
181237
2865719
4492497
3163476
1481023
3627114
1248228
6314331
391582
4451808
1166443
4947684
1412819
2774081
3440224
5679746
768436
1959710
2352635
1586433
3720477
260812
4692148
172612
319855
2662740
2759377
4213359
4383885
3729341
5728714
9367852
2716859
876013
3386507
4944411
141196
1472236
6267016
2613777
2553333
3613185
148247
1256996
187040
139335
1407247
3983444
6731305
9436035
7762651
3580678
114186
1375637
2864236
4768846
1110593
1509566
3379688
9794901
192203
6651987
2161728
5400476
536174
3735377
1709429
1940252
8449262
1296145
33599
5553266
3437129
1885853
4549503
6207589
2585117
5445017
1193972
4298608
1559077
2588080
3658705
3920873
7432821
1215718
2789366
198319
4782103
1470700
9846030
4990020
3371583
1977981
5375504
1513060
1984562
6997617
1410809
6837275
1232924
3515751
2253536
6976572
1814545
3196408
7555574
1917171
1328958
132855
1831450
1605660
8985589
855190
6887470
6885190
4516580
3876093
9842433
5406119
1676805
258647
1342263
1531478
2418062
4688938
1784429
3634539
1326128
1269495
3488400
8161860
1320003
1354640
5577357
2626069
3705108
1101343
2539879
2445379
3609074
1666700
342923
2683650
1444211
9333098
5943438
9255299
5751215
1552772
1441983
8838861
3523059
5215974
5484554
1978993
1264576
216620
3436448
5990801
9980928
9298068
6177277
31999
2933963
323214
1794418
1446052
7594249
1944976
2813155
1767585
1417446
9494853
150629
7266183
1917149
2334261
9176596
4568908
1980360
2562046
1588552
3190554
9902314
217344
273751
9914533
6663647
4726802
1523327
9538566
1494357
3193164
479283
4433292
8847258
1611968
1205877
5529496
2908875
4431089
2726739
9457653
4594086
1214805
1728742
2988886
9585698
1742192
45419
3159948
4223488
8704861
4952909
2497618
1503466
1545092
2360541
2580360
5631072
1461439
2598750
8920423
8254404
2802509
1814101
187712
3581403
2722820
673822
3418867
890499
1104613
2448484
417643
2419326
1267947
1903179
1636809
9616450
317206
2583326
1696207
6464660
3444414
2907940
3769508
8757565
1941350
1711119
915769
1299605
9126967
9278822
1906695
5732046
1344615
1320425
4450960
6586481
3341789
1543259
1318847
1320721
1758226
3844038
2260128
1735986
1201067
1823009
1957587
9128243
6266812
3331822
1409268
2932161
3780536
1496777
1100506
595668
1931165
2432522
2484556
5851717
3703174
379940
2610424
1697231
2180759
1183817
3704718
778173
4389847
259158
8170051
150335
3698995
6505776
6663354
6204505
4690635
7821849
359316
3489422
2416607
1409023
2444942
1812318
1730643
3402720
1134788
1501834
4892905
6192259
2751963
2188776
2115425
5688783
7268756
1999089
3782390
1443665
2769087
1424302
1567370
2924966
185369
3290508
1430696
1150567
3393446
1932093
6873719
2994906
3589026
4881012
1287712
1401336
9229302
8423336
8932114
6534855
6674984
4370948
1805116
436637
1479421
8222582
1355189
1735678
1780700
2631436
1738640
1811898
1816865
1805048
4411727
2239293
6930363
1613968
9983951
258722
985096
788359
1458942
3894142
7228049
2100748
1827596
5765082
1814321
7338754
1546936
3940126
1849757
6669008
8840963
456927
290661
1314533
3991419
3805199
4936161
8684467
2601830
4235532
399650
2965944
6943868
8145670
2234956
2726998
9723561
2994164
2906471
5959309
1840612
8661668
1902803
125713
2658506
5693574
1563990
8611345
983093
7592293
4709734
178911
1835550
1835772
4774131
3559165
2427214
346644
1407263
1884861
8172760
5854832
6901728
1804507
1890861
1317250
881694
1983439
1814331
2281707
1870129
1658921
1762245
1758468
3783442
1853503
2595947
1735938
8523369
1288910
472064
5767599
1971188
5719812
8462803
6285780
2419550
3806704
2643512
5823667
2166906
3552425
568593
196128
1936041
1524209
2392181
2460911
5899
4909281
3520553
4955254
1451980
1439379
2909692
3713922
1769431
1405427
1972069
2667546
1865945
1613366
1780221
8559358
3883499
1544339
8974803
9564797
7799390
7126345
5215495
8215675
5647097
3727751
2691724
7499626
2755601
1236911
6555139
1939330
3153862
1808249
8433956
815173
4466184
3446183
259079
1367195
7572531
4385853
4778569
1897572
6832765
1701094
6810881
2557121
2766232
2563276
5869932
4508135
2219808
1705626
8126822
1803319
1133465
2771153
4499819
2166805
3356130
1302437
129452
1830534
1693990
4560005
5709338
1998273
2390821
254124
1214137
5522771
5113032
9955716
1700999
2996256
6490402
1486197
3230759
1306032
5604869
1704493
1238074
251214
2721603
2228591
5771372
1165633
2558855
1641512
3634860
348832
2164276
9217524
5523088
5282790
3963517
3327935
7339241
4603751
3707290
8140518
4997758
611128
9921348
2887699
3123769
1121781
5545966
2931092
6128576
3648199
4157558
2203750
9699854
3340810
5870261
188145
3744771
178791
1256962
5907015
2979783
4328477
3455002
2927772
1654509
2973157
9163413
2378799
8827498
2536830
8564184
5705843
2171631
2259695
2632662
4630413
7653046
9814575
572308
1138656
3987403
872248
1112033
1517066
4571607
1260543
8747595
5608517
1992211
1633563
5506457
1221277
7469344
5942414
2463222
177554
7788728
249306
2644349
146258
223705
5465429
1194232
1647884
2633014
1733099
1818785
5642306
2358158
6155875
4458611
1626595
1954654
9982529
1119262
1791123
4881778
3765960
3188922
8516116
4564404
8724198
297227
2449554
4391193
6136853
740912
7422907
174323
3881726
4864555
5769235
1385359
469612
1140544
4586172
26396
121404
1252041
2276012
776554
1799064
195066
1443984
3195667
4730672
2307227
3316235
6798595
3314028
7196676
8892422
5830701
3329911
3770411
2810149
2210636
1889908
5403648
1909575
1358430
6664306
2693119
4153338
1239999
1988965
2184024
1737988
2762679
5559953
1244645
8683151
1872464
5681541
3191269
4369024
1194254
1711248
3333937
1547642
4392507
6940955
2791400
4409329
2895661
958178
8324407
1501127
9927236
5889338
9421337
3427965
2290988
5871284
1657040
4754181
5836237
5882791
4171814
4634764
6419386
7386238
4501058
1839561
2763591
121674
1564890
4524748
136563
176259
2646766
3241824
1703481
2895421
3577230
1247026
3513462
2551739
1775861
1331848
3757204
6732198
6518488
7596356
1106321
2878887
1984947
1308804
3287388
5934281
2183872
452437
4233420
1977015
2285868
4749263
2244608
2884032
4841349
4739516
1751451
1328349
1408241
3530928
8521739
4670185
3525718
1955269
1237120
1138477
1475245
2121959
1966787
250327
2769627
3658866
7501044
8225810
2436627
7988423
1761681
2533319
7530373
6468508
7433934
138196
1920949
2666234
6399285
3328497
1823273
279256
8431373
910780
9853098
7951161
4232233
8723741
1640281
9769843
1999431
4478500
1235265
8342687
2792945
4127719
5210971
4653345
7669861
773117
1243920
126041
6136768
1290505
2936628
1395899
1318734
1515812
3450846
8399181
1626889
1834272
4998368
4376302
1676299
6511487
3854468
1538739
2561102
3962610
6589129
1835826
380525
9695583
1406442
2994013
5870080
132214
8944746
4881773
2243499
1749678
2259288
4895451
217890
1511332
1812976
1534922
2342645
1243993
6997596
2216049
9213269
2418999
349475
3517963
1627341
4753795
2994168
4127954
3963200
3799377
2774999
976447
2133653
1780192
9232155
2938640
2156023
2338647
4578972
2629385
9760828
3425807
1988058
2774231
1767495
4792391
6979386
1987854
1808451
1336033
5678359
3520321
8854151
6199213
3881600
1823237
4699011
1322764
929278
1437694
3292460
9536310
6625450
6205591
3622632
8676741
1894402
1645766
2738413
2167660
9506720
2552696
4975432
6239529
6999309
2179982
8940474
614058
559867
267559
5966381
843169
4653540
1660827
216494
1864596
9682193
1897883
9666001
5575987
6950416
6172372
4433050
1207896
3186057
1301848
5760238
3109540
1697717
3131061
4474439
5850865
1754343
1751183
6697157
4125423
1676998
2962759
6633732
1792095
364433
9983906
942133
1313409
1961118
1818134
8326160
2876117
4641003
6116072
1655530
7934249
3379254
4292169
5231536
1951575
5368088
1941124
5894595
1422027
3920826
1158255
1374920
9100663
993837
6777780
7544526
2194994
1186034
249908
3666840
6780554
2697001
1307464
1171410
1639994
4932951
314929
1560553
3814594
4570810
9603210
1178526
8747759
1464354
8329182
6234354
1512470
2560409
3266956
1592351
3199538
439409
8254916
8569548
7763608
4296642
1120397
7400856
3919960
2413294
5135899
1826961
3179462
4822628
2221551
4773381
146935
5910030
8807071
8517007
2899306
2209233
9873626
1452397
4737371
1994069
7937590
1605687
3667040
136968
6187099
9997844
5881899
4805167
8907115
7146347
6786643
3334126
1369150
1854747
5724098
7566378
2641334
6968507
3209626
2570618
2924704
8576428
6298064
1338577
1930100
1883765
1447565
7262534
1123849
1370081
7275222
3789456
8234609
615991
915312
3568362
8473551
3587454
5301360
4892424
3960944
698248
6954078
6680797
5154960
2430854
1637903
4873791
4289945
3981964
3700809
5714814
3645537
5646484
9102280
1605191
2118499
2512584
2894954
3726040
173466
6587820
5113283
485837
364009
3853250
1506839
2826867
9614263
1159442
1762506
8807808
2698967
9171271
3869438
1235432
4561794
4505636
6158750
4269567
2461108
4889950
5399404
5108977
4174303
2671591
3960716
2201838
1973465
3309059
8369214
255630
2656968
5472158
1646944
448262
583119
8517504
2178165
1835258
7395204
6152096
114051
1260243
4859321
2305029
7903466
7420910
8493670
5221810
5947603
9624710
3515359
158079
6555781
1669733
1552960
9667513
513086
4568497
6903870
5269756
163669
3184897
2275777
1665671
5773370
1646555
9656119
7447152
3918427
273866
192401
5904874
9348890
5971468
3598482
8344787
3450844
5342723
4882109
1402487
1447445
9579292
4408595
1314670
5759421
6970499
1691932
1385832
5659964
1302485
3919872
8157762
1732378
3939884
4724362
4688410
5857472
7573715
3552851
1920413
337570
1854229
2866698
6442213
4753545
4180306
7491705
7307405
1516531
1651811
1469196
5103528
5614584
1194406
1194557
3132796
7166556
2856334
3992661
2700846
171344
5547929
1812963
2120233
2745023
1994947
9505742
1886564
1399359
41597
5428921
8398019
23535
3267253
4381449
2974053
2196769
1819393
188140
1387472
1653837
1651218
1286916
4220909
4654411
3193495
1973304
6795868
596729
1803614
1437292
1547044
260284
6735851
2323901
1832128
5740604
7373207
2246955
3653140
9216364
1526955
4957872
8303229
2264731
3728119
2215388
1650481
9638184
1420486
6639661
5156354
1897205
9151293
5634948
9180765
4304922
9957961
9491184
1974747
8966348
8144831
5578489
5276569
1527438
9253057
7105832
1102950
3605548
3416987
2953640
5983791
3792978
2306301
3420256
1739277
1259747
5676037
1653365
6559405
6749452
6147595
1513364
8719994
3340085
1434987
2671341
3432263
7794526
5125432
879844
4953531
1889206
2608417
9520476
1653968
6783487
1652142
7747045
2802807
1761228
3802430
3456964
2584601
1770793
585098
1798906
4176251
1432164
2757960
4927557
1287503
5150730
7772250
1168816
699481
4717174
2293352
372420
4812569
1287408
1299270
3224056
2500027
2573612
1563237
5190227
194582
6171029
3323185
694626
1270337
1677462
1509032
1152984
6199642
1120874
1919113
194108
6295565
8885923
1225636
8758515
1333629
2561038
95292
2564892
3314048
2209344
9112436
2580353
7482748
7129547
2314561
8876629
7831042
593870
2710682
7342103
5474968
1620091
6620398
6826369
628653
6253980
1164915
1304445
2473672
8932206
1912321
1323275
9456225
1279757
1325211
4811521
6984195
1317331
1640032
4126048
9713777
2136851
7142114
1880891
3429130
5397404
6646123
7392110
4839733
3649585
3114468
6993794
4824828
1410949
9635841
1180478
1588679
2254673
1517551
1363476
2952746
1654866
3860528
7678596
4489062
7220038
4789979
7547335
3156218
3452898
4817740
5829008
1875805
2715065
8184692
1904876
434246
142411
4875727
1112119
1812682
918011
1316927
3869161
5811666
2798494
2534782
6312499
1619242
2230199
2144176
6424257
2496695
1994829
1377804
4473088
1980771
1363209
1203383
1885670
1929304
5229239
3752312
2989925
5225177
9858936
1303115
2839245
7184840
9459143
1671721
2416871
6644987
3229843
5254307
1549621
2739112
7386746
590106
6954473
6659716
3976569
2920876
3664873
9926765
515268
1495138
1494331
5487266
8920076
1167052
1239575
7594523
2835642
3279384
3235435
1983347
3970876
1208911
1444513
245172
6788705
1196640
5720649
1986300
114812
4704548
1955410
1714949
1466724
2933698
586225
372913
3381168
4261397
8576837
4220262
2838021
1575532
1541146
4323654
2368847
8296716
2312974
465809
8807720
6246164
2272025
2881557
8278001
4279564
1364237
3922166
410317
521990
2724373
5345585
3667781
2706610
5281537
864310
2434040
358746
2908195
9207877
1715161
2960369
2730014
3462731
6699466
6878993
8888122
1967606
2324493
6557857
843505
3656501
6161807
3302819
1111965
2917252
1835626
1829253
6667105
4843891
2707661
2100223
3702296
3397555
3364394
3973837
624054
8865745
1368607
5426839
1652272
1784737
6434767
9513718
3911894
6377460
4786036
1374077
4640452
2110710
1676270
8965491
750835
3504455
4705383
1329491
5110743
3877290
5496422
1455247
6151795
6508269
5559276
4825885
1176278
1574795
1519070
1708278
7261886
7148026
9681541
3315344
5376084
1947543
1385072
6967792
1965181
7633545
1109586
9374198
19345
4956177
7717568
1657705
8868635
5530025
3245877
5108167
1681391
3215664
2893924
165046
9994487
1777713
1813420
2520988
6905329
4729856
3652904
5375260
2294447
1748412
3661048
3113306
4444756
7639526
2715862
1349508
1297585
2379190
4859603
4885947
1312887
5771352
1474136
3528161
374991
7292890
1682392
7225440
1542608
1314591
1955178
763839
2345492
5823180
7440295
7986029
3429818
1731559
2577007
4648526
2810407
5849486
5593344
3578023
2459171
5353604
1110061
1209551
8181514
1637260
2189682
2475568
1175843
3733995
1759821
2128370
2260179
1616973
5516574
6861183
8426335
1790616
2338825
3446348
9275756
1572316
3137881
7212665
4695850
430105
9943402
8469572
5653094
2698806
6977933
1910954
3511785
5651549
3768915
4551207
1742857
6989526
3951836
2364445
1712745
4842741
422324
6756235
1911922
3427567
2188163
191620
3657957
1197993
1389561
8771632
4432448
8972868
2812722
5809327
3213304
3212894
1215881
175919
2440621
8937541
1660291
3157548
5215662
2900125
8921580
2958868
3724126
1817199
5441337
2989137
2869797
2757560
3519374
6224763
3481917
3403338
3870978
1103604
1383142
1540197
2726570
6704058
2113679
197905
1890612
2444086
6126119
176162
159219
1405574
1630200
7435997
6205415
6862444
4558413
7234462
4255859
3187414
4552842
3841020
7784953
2428802
1605017
1685071
1857292
8995971
1240527
3987506
491134
