3992004
6534965
1109207
170780
3895464
2121542
9773210
918553
4140256
4424063
2575969
7766382
9679534
2250752
2655333
1748218
1833849
8873984
288031
57900
2990246
1564
4553072
8364832
2887356
1466745
197159
8252326
5638878
2623793
9551477
2434184
5577414
4967361
1464396
4333593
1312596
1948464
9594453
1526537
1192117
4980475
6592110
2528268
7461626
1209064
4772953
8931599
5753059
2130383
1187457
1169225
1716240
7876545
1402458
3319639
14441
1278668
359090
4381278
1242335
1654328
6484968
2795318
1798550
1673250
1194515
7279402
3447575
731398
3474089
5431087
1302434
141924
333850
1362210
2393059
1955041
1840217
3883987
6478098
199637
3640356
1461138
7363219
1633659
2745052
1831570
3794758
1228361
1114130
1681218
2190801
4717969
1545496
47533
9361722
1478507
3613480
2563984
1493115
4784681
1540336
5638862
146171
3256182
3215847
1741485
2505360
189374
3957684
6886699
1836129
2685559
3788299
5392017
5884604
4104603
5250589
1615870
4395298
5367314
2446101
4902608
2838611
1873562
1920430
1539193
5406009
2533850
3364573
1153462
1380374
2787170
2733590
1285415
5329656
1728310
2334773
4867576
1768662
7654529
3351585
3575159
3145293
7382352
4994132
5463422
4574670
1232650
9692859
6547957
3234595
4721235
8209357
1471983
4109230
1530552
8246393
2414852
8475014
9305925
2197617
6326201
1177638
2555215
2120162
3663865
2699043
135324
1576314
362504
3428024
3768650
3273138
1362905
1822378
571967
9752191
183619
7293890
2744516
890934
1739968
2671203
2698212
9260257
5139649
8948302
5540549
2150858
3901994
2920680
3506890
8875541
2293668
5891767
1984579
1226393
3894780
1686051
6528518
1382812
1617368
2294973
29780
1497747
919255
6982028
5205389
1303938
3796659
5720456
7681995
172752
1848715
2897103
5469915
291497
4691580
355155
1954700
6631658
8417659
4475380
1107393
2742282
3540167
3852001
1562198
1168858
1958071
9760226
2907174
1912043
3717845
6819512
2105746
7837736
7917091
5527875
9677671
3734420
1573870
418819
128226
1987799
4327876
3177013
131567
3836721
649488
6243578
2419556
1666016
29050
7286714
4934949
2357897
117049
3607697
2349320
2965624
2743943
9799645
441333
2319943
2869533
1212426
2439558
5248430
1746386
2945594
1559311
2469886
6253804
2709294
1965878
3834439
1281338
2557019
1418791
4839442
7953668
7187071
2769812
7204090
1670418
7931458
6504308
190880
1398888
1950340
3598979
5626867
2429919
3274498
643276
2632108
4314558
4330806
978556
2416778
1997784
1328522
7583543
1546488
1172441
1787639
6176309
2303433
3357700
2951378
169813
7755080
5337378
125523
2448392
2778375
1310062
5966534
1896250
7861761
2852164
4233637
3416434
726612
8184724
4932993
1864419
3949716
1285539
1307331
6438475
6714420
3235095
4130960
1420614
7268728
4981536
162948
6959383
1228734
2480848
3470096
1233225
1761249
62839
2270263
4753457
3484541
1568
2111045
6963875
3267607
1656402
1268444
5304419
5169765
1987559
9817624
6188935
8307800
1597512
1900888
3545405
1885912
5857698
9535285
1784539
1933261
114032
7311934
8305918
7283891
3601634
1597045
5389395
8249496
5914837
1684294
1529545
1149063
8331184
2590176
5568200
8628862
1724458
1290182
2508094
171231
1670925
1588661
4520656
2793002
2198299
2897903
1903217
6463643
3124928
1534613
1983154
2145198
6510094
930714
9215249
1416632
6696116
7255887
8789667
1377432
1195971
8694351
3190326
1303332
518196
3284901
1443068
6434185
5922379
2502086
3589609
3495885
5775010
1815483
1815879
9317961
267234
3226420
5110243
4833737
1495687
8413945
2881248
4236414
3227506
366539
2835419
7225075
9241522
2375130
3294783
5894997
2220818
7749844
11002
5537379
6505347
9831843
6941682
4163835
2926295
4307662
9530999
8450324
4838452
2659181
2388459
773926
1925909
5361649
1819821
1103099
4364772
2845067
672818
1374405
3891673
2708715
1926121
6213331
8380457
9670853
2668418
7708197
5257485
5449833
174989
3597346
3959827
5858274
8962131
9314983
1899766
1523224
1110009
1788155
4855574
3859948
3405578
1835517
1970221
2956870
1565463
5712460
2478334
3370141
1145814
1787975
1161136
2922785
4715875
741629
1508410
2364618
4592390
1529110
1306414
5407619
2256109
2520743
1645658
1229273
1596622
2149034
5971365
1923053
8154749
5178487
3596846
1305495
9261092
4301163
1402455
560211
491213
2566635
1207411
686527
4165894
152172
8213375
1366252
1675
3924298
6285195
1317355
7358114
9588998
1573847
2992976
7339447
2906772
6292426
2726595
8377215
2807349
9515789
1415376
1144531
4437551
1308358
5160648
6767227
3572454
1573602
1945558
8952872
1124982
1107834
2485459
5517533
2348135
3408263
5966673
1456842
192068
4882129
1356676
6397943
8912406
1259014
7299105
7895467
1104034
1318405
7938930
3358405
1203842
9472096
6248420
2584206
1676098
3636200
5255185
2505601
3223350
9511263
1965580
4110269
3919263
5362960
2507304
3395581
9128565
2657527
2870128
3659797
148672
2249864
1772731
2757777
220333
3856992
1777339
4288371
2862663
1658579
3476309
4575265
1252092
1836202
827806
3890642
158110
4298226
656525
3867968
1942004
3769910
1395269
1790552
1973158
2369290
2965461
2614531
1524255
7244153
1957873
2464827
4544153
7474967
6776269
1880300
4922131
728177
8609622
5609837
2263403
6750740
1245430
1737880
1514566
4305461
4773062
2637109
2964139
960843
1864632
2897338
1586535
4551246
2207450
6694799
1167174
3598865
3191610
4921538
2541692
849595
1516240
6728585
125317
1453882
9585849
7165471
3401012
1352140
9876086
2625680
6812951
1711845
1843764
2578711
1582695
284118
7235837
8346671
2285943
1232439
2370628
2878915
4527029
2695218
3181601
5342189
4645857
4102686
6931131
1289828
3471059
5884045
359023
258051
1634020
281440
3865918
487352
1140650
9690009
3104814
943882
5565567
1332981
1180758
9553014
2945030
2367972
5990278
1284113
671803
2350436
8217986
2461808
297174
6616721
6436993
1574509
6684376
5983036
3213596
3336500
9738047
1629722
7123589
3195230
4675288
1865321
7942901
1599014
1968570
19936
1580957
7431360
2418395
2182354
2639273
5794404
2947969
3594139
863441
4614378
226778
125684
6606554
2151791
3649781
1902809
425166
7386980
3823699
763824
1540623
363396
3260143
1656774
3516159
2553377
3445227
2582664
1263759
3223529
8580213
1822741
2509075
1798813
2766447
4156380
3276860
2752458
7519701
1218161
788884
1974862
6979084
7827085
5712775
3758954
2931573
1365560
415631
8228946
2562686
2801252
1529139
5368038
218353
1723819
2873029
1462386
4575379
9731662
7343866
1330778
1849724
6192153
235563
3601497
2288910
5941652
3760301
1512833
1293616
2913699
2429144
2385052
3326416
1468167
9392264
6807188
6265652
4511855
6221913
1638226
2961226
8706351
7337661
1768566
1905733
8361047
6578345
1172951
9980483
4527554
6145127
7381218
3771422
6458614
2894789
2191991
6651663
3826356
1855617
1466292
1216982
1489276
560206
2261718
7897817
2295441
1489113
3587475
5999906
5358236
3995461
388455
297993
1976502
9780807
7203009
4685802
1393311
8396829
3101055
7166324
62882
5614819
4649033
3367577
1956418
2170319
1188406
6918492
3985535
6390946
3441658
4759559
4518792
1554492
1508129
4477313
8694917
1464211
2858802
1442274
1147255
8462186
6366037
353255
4285816
9897129
2401239
1327752
2889388
1447586
2888290
5300337
1966889
1754972
1807971
3297992
7944776
1826138
668611
6462008
1584050
1732513
8312365
9940402
8920199
2667948
1141786
6221418
7620875
5983846
8622278
5303725
3236455
1184009
4796734
6341727
2920579
4156396
9910990
113986
4147679
2620533
330286
4152654
2906579
1501552
1845221
124813
7575554
4299606
4670049
5711044
5533955
3477459
6583503
3360484
1859110
2303027
8481825
6854238
1628304
4119374
6658008
1220827
1880323
249153
1216619
1215427
2741000
1299523
1698516
1914733
5191647
157178
594539
2799855
6416104
5682829
2885949
292120
59253
1438146
1895534
6508771
868154
1863049
1730287
1655402
2180075
151447
937722
4142089
2593597
1672122
1466309
4829821
1424526
1843222
1914127
6134941
7828305
4371081
4713064
5348942
1739880
3554315
2278243
7737407
3737210
2786849
5754491
1847805
8707016
1190535
1439565
7962909
111422
2504149
2678394
4210871
1941982
2294057
1907017
2962413
9917096
4106908
483297
1110511
2599006
3813096
3740315
5844492
3608335
6893789
1205257
3617349
5747368
2984184
1980251
1679510
9253622
2147251
7910852
16860
1952391
7364316
4544101
252893
7531206
7339255
2700477
5156605
27759
1765413
2369191
1219365
2302593
1860400
8501995
9312794
2344072
6635633
1759137
2896906
3683077
6527041
2698040
2871682
6771214
5644688
4982564
7382095
48529
1558520
2705866
3872805
560024
1533183
5256792
252523
4310184
3937741
3206034
1631190
1214570
3627518
6256356
3265808
1138931
6716399
1251048
525973
4926269
6390074
1466778
27239
4212525
6982236
3781408
1269363
1862663
1634355
5920709
8727594
3262337
2913618
4479161
4910269
1911998
9916820
9768825
7249723
1910538
1959339
1262883
2324269
5514159
9277750
1275609
4489162
2698101
1621521
2116005
1947010
7251125
1538743
1732396
9251900
2406703
8207549
9882951
4942703
2390405
9332709
154245
1317431
2728469
2428346
1628451
289973
1531054
2897175
1617640
2877108
5118188
76541
8885143
7885148
1683702
3546418
3208874
2338614
1653833
2467919
4945139
1903811
8223291
2171507
2331535
1597502
7406941
283633
5453307
9525520
1262185
1789449
5720677
2137964
1768882
1767668
1445499
1701019
3718039
129791
1587345
159363
5524414
3949466
8441432
7266627
1715705
2300533
3208934
2815855
1275371
6578780
1414217
5748221
3448311
5683148
1368632
1444467
1280298
9243436
4318155
1852304
3311971
4314842
2526404
8766845
4574623
6545916
230412
8659483
8462656
4108641
1197739
146212
5361671
1781362
5443017
1137602
3301060
4807625
1355494
9264380
5224276
2752495
2161768
7366579
2522055
5341168
1812085
1899764
2771289
9675033
1908765
1650045
2543843
9852280
2750895
6670847
3937588
2569634
3306296
3127885
1775717
1146718
1602656
799468
4668917
4373057
129703
6266861
5199326
4442486
193380
1979500
8743834
6765665
1654444
2595343
444330
3518473
2147551
2221361
4242124
3644952
1546515
7168766
1328016
9622765
3312517
9240377
5527367
4567859
2498706
7136252
1810736
5263203
5745783
7525378
3847459
1820821
113987
1941623
573958
6513091
5307322
9852142
1561986
5941362
9225400
4196678
2591448
8717405
4924027
1593655
859960
5597563
4734489
4464076
6386238
1320135
323673
2953396
152284
2438769
7317655
9309658
1444993
1378605
168354
3382935
3905721
9194839
1842088
2233204
6298742
1775878
2546508
2327712
2700645
5357356
6971952
3110071
110301
3221381
1616404
1710101
311668
1551572
4533605
817647
257526
3868004
2389870
2441134
1303748
2841672
6281106
8259915
1730343
3474577
6335632
2763877
1484201
6777092
2565133
835896
1886370
2866223
1981098
3786344
6876550
1732290
1665758
8981940
189164
3783374
8704258
1154510
2401375
2227409
789451
278786
3506828
1645465
1756753
4440427
7626987
164843
1419032
1682170
1844154
1870487
1456024
2902285
1406188
148019
3410370
971138
3136123
2288138
4735755
1138866
6140276
3123017
2468068
2733797
1375643
7887212
9822848
1969809
8653821
1461173
4955301
4554417
498709
3221202
1711188
1728595
1523716
5541417
5134870
1661431
2604411
7673334
2304763
8194990
9344754
3293811
7198750
1586473
8735139
4379474
8171814
2335338
2588035
374627
1111470
7508222
1665979
1636174
3155229
1411525
2895502
8689025
2182802
1258075
1613908
4889579
7598261
3775241
6840619
8460027
1858017
1673977
1881516
1376515
3595070
5358589
1885844
8523915
2490584
6932281
2855081
1340291
268521
939520
8400325
1513527
1803710
5481512
217994
1748693
5307759
1258310
1346391
1799140
6598314
399861
1358130
6869608
465921
4582264
3993641
1894920
1469003
866954
6269543
4622508
7285336
7178418
1485139
5243288
4464421
4291252
1278535
143889
671840
3526125
6551244
3143561
2271232
535099
1992227
4951883
3514831
4457742
1795745
6927709
1271747
2840415
1397429
551648
5176223
4925869
2970375
4430152
1521157
2258319
8906710
8873799
9419045
5844389
2905726
2113240
1693748
4165248
4282835
9352358
419281
1590036
3715208
313586
2752907
7747318
4235656
4742102
1644976
7162114
1243171
1598903
1817964
3810255
5963930
1646459
5848678
7178543
8220964
3938811
171456
497679
1168604
2443864
517452
6403328
1849813
1545884
1585462
7286484
972341
3928361
178573
6109747
1245390
1322427
5135664
6688542
2236617
9816794
5838937
4694634
2160702
1356353
2559193
1229737
7855084
1955635
1622284
1245832
223021
2409695
1431436
2771717
41517
1524510
2675589
1789113
1508205
1784086
6132664
6772501
9128257
1316467
8227061
1802467
2185925
6232228
7336628
2189667
57986
6258930
1873034
1263203
3617917
1349130
2441273
2820997
6748433
7236629
8766756
2531052
5784396
1774655
1770525
1967231
4564443
1149102
6793503
5311190
1918932
5691464
1578549
2225553
424108
1631189
1667965
4250954
835678
5625515
3981219
9974275
1986537
8930428
7797688
8103768
5387268
4655853
4619572
6466848
4538791
7859506
5208812
1671105
2516649
3248015
4217900
4915405
8570091
6354706
6210302
2892240
439178
1922124
3986400
2520337
2698800
6351898
1292375
3553596
1253042
3545614
1633417
2346864
1229153
1808251
2703620
3137380
3553755
4824614
1940840
122621
159781
1613614
36167
1586611
1371363
1126472
217953
9600737
2968722
5602092
8937867
3917650
1173762
229942
5866326
3638552
1255340
1762928
1234557
293229
3535428
716611
1834278
2919118
6254975
4780212
1508052
3951198
1637387
3121490
1569037
1408271
1716151
4918189
9973952
5336866
4389199
12117
8467226
2972082
2203223
6143806
2694111
1239098
6566314
2198807
7611247
1319496
1942275
7689170
7149022
2484573
5118750
1712894
2441842
2116696
3221085
1104983
2613121
1830761
552178
4541010
139766
8827389
2859342
2916021
7401308
8439960
6337269
1499647
4849000
1597752
1715938
296200
3603995
1675873
8717718
6244960
7250252
1948957
1731852
4361319
6227546
1660023
291766
128600
7909395
5270911
2165805
273501
5398177
2752223
3215570
6354263
1925096
3419578
7784846
7278454
914675
2413013
2392722
2168894
1285051
7733611
1379926
3688721
9747896
2848569
5386632
6510111
7449044
1509776
2808627
8181170
1488428
6830936
1753574
2277367
1605074
4686082
2428047
2522194
5518160
9735974
4856946
2801948
1117553
1111720
8945986
9243225
2789915
2239935
4440611
2562495
3515850
987413
1735951
2718884
1586148
2570943
2335624
7473997
1144438
2852083
2549673
1799555
3508809
9613459
7635883
2544550
4914855
1728105
518687
1991577
4482527
3293503
4336162
8856105
9612213
658385
2118379
2452429
322507
5514283
1377427
123952
7962283
33396
1787232
853697
6827769
5499123
1781721
325571
5603932
3464278
188892
6931427
2982108
1719381
9888942
5520324
8278274
683127
116984
165803
7254949
1583446
5336729
2871261
1514842
4435025
8859471
1911425
9970698
1717634
5546255
1958668
2113699
4207490
5681154
3511194
1879931
6772426
18321
3726083
1967433
8250599
6556758
5469576
5147683
6453530
22994
4648375
1679178
8310725
3930405
1213019
1421392
1937030
9940028
1221738
2142240
343998
1724992
8442502
9422958
547161
8728029
899422
3964633
665112
2124227
3262184
1914410
1518316
2637848
317317
4787209
6950830
2547067
5351747
1724083
155814
4406091
2476725
1426227
165247
5986709
3768292
1610531
1259370
1121175
1305529
1675997
8843094
3724427
347251
6985141
6891156
939635
1188101
3428465
2506655
5668558
2377608
1187864
3501856
1338249
1160528
1506670
5924340
7119941
1675256
5959062
9187867
782319
1909334
7442430
1143280
2747930
1777752
2469961
3951773
1506531
3352958
4833891
1451644
1730943
472624
1571237
2109027
2389398
5331422
3107899
5716767
3437649
375727
6769233
1282294
3506241
1543690
7589933
4562521
1937668
2972276
284263
1595246
6953391
1387423
9113023
1291279
1601898
6717908
524875
6518334
1249318
1592859
7701637
2445566
5552375
1782587
1723498
3651396
1124799
2111121
1451383
7921880
2653273
6359968
1306909
1670694
2256335
1306197
6932003
3487901
4962925
5783937
3708720
1247620
3489986
3428882
7679037
6911109
9167466
2250359
4740458
2858833
185311
4267451
2204632
8160634
2980520
3587957
231121
3913648
1462790
3797230
184849
1401909
1208233
1346119
1626732
7839928
2772986
3967587
1535057
8664266
4747558
6790193
1204296
620969
7585504
1653341
6646899
1322867
1271870
5323618
4762104
1847196
7518791
9850653
2148232
4366572
3611502
1860625
239010
1544927
2520369
1767093
1331922
6274537
2150537
1290943
1199553
2199304
1551121
9734844
1638538
218621
6355954
2525276
1480928
2875497
1536919
7498848
2205858
2328927
1416042
8600271
4161927
8524136
1921158
5974047
3390925
3770012
762553
2304795
3685134
153114
1854837
164445
3423202
2657750
1212025
2380109
2959088
2403903
1407365
7646703
4427356
2279646
5817433
3548572
2735690
2823652
2480137
8358783
2466099
1417119
1910463
8740852
3738848
119669
1747167
5462754
8263787
5157415
2175836
1885944
9405240
9985582
2491794
4632849
2357127
9454722
1394684
1786098
1610936
6432678
9562169
1213690
3616767
3123860
4952895
3969338
6260227
159894
5484360
2316303
3637085
1782027
5353158
3461997
2217051
5201220
5175138
1817273
4703916
4738503
5281280
5181138
837200
1285311
6975253
4200854
2372842
5933051
8714242
7568492
2461187
3430447
1179331
1695808
1864601
3547065
268501
2656843
3678217
1544815
2747350
2252139
2742627
1525198
3915175
1665774
2163460
1428278
3459412
2126616
1779666
5775363
1117039
2928776
7555996
8815196
4310897
1913888
7479840
3624364
2137300
7816674
9397373
2107788
5430673
1679942
6337066
7370156
1591827
1839579
965956
1651016
152006
1646783
2635583
744797
1908484
2816364
9826477
8786734
3142891
5553104
6991559
1135903
1734858
1868196
259642
2114435
9873305
5734225
1216741
672619
3606195
1480082
1803457
1993837
2136665
7144323
2734923
6574054
3111018
9401383
1655889
142149
4555213
6431439
3707517
1520909
1804255
4967055
9824148
640513
6512177
3890882
9981210
1796170
8362976
124963
6276869
3173640
6359650
3742676
1366639
1768153
1906671
1774582
5117551
2576554
1253208
124530
8776687
2480827
4572455
3597628
9322570
3814625
5805333
559358
2170647
2680357
2394043
6664224
6538380
1902140
917762
4621732
6978417
1966120
3584044
1638125
2217600
7996607
4797530
3734143
5847634
6387993
158589
6464273
5455753
2751237
5977253
2316021
9939925
1614001
4404946
2999035
3138683
1185254
3303626
7578508
2650407
9162569
1426011
8847747
8126661
2503878
3917301
229156
123291
9392735
329996
2977009
2561581
2131998
256535
3645511
6768479
1188434
4567896
313549
9794035
6394128
3509003
7999305
464371
1537941
5681717
8886826
2256376
1471799
6622645
2240792
5627044
1716723
2354776
1283695
8835710
2993567
1198902
34351
1604631
6678569
8577085
8447682
1569820
7843914
1285113
4123666
2258763
8981183
7312427
1633746
1243511
8771306
8767087
1496756
2588139
3135026
3477910
1225790
8723443
8738388
8210880
254903
1593657
2143308
4349044
3402331
9791736
1834947
3557022
1663543
7876860
576243
2308238
1779826
3499838
1103391
3752505
3262485
2268627
1495122
1315471
1405788
1902396
6318558
1896714
1921937
6885993
5199805
2742872
3403414
772190
6451549
8675905
2833685
6456159
4431822
2818395
1869179
580298
5192071
1911602
4331690
6633515
9883461
2554461
8786408
1984230
4117479
7833511
7581748
1635971
557409
8381078
221658
8514187
9447705
1809597
3590942
1285006
819738
2670680
1384436
5303212
1853633
1809790
1901700
4911833
277219
5289149
155586
3729858
4732390
5833452
1192659
5953934
3653690
6402046
7687541
2616681
9311612
2418788
1680205
9239377
1259579
17588
127585
1870606
236124
1328971
988610
1372377
6363347
3779106
2256132
2269089
1180225
380023
3691072
1635671
4485027
8748379
7801707
2743481
161284
1434550
6738018
2359016
7930138
3327841
2597864
1521109
2355511
5446949
2519649
1781054
7793121
4642924
1377589
2436337
1739242
944019
2648723
2555045
1161171
1927222
1172119
177273
5469374
697911
1443534
1859832
4355504
1731436
195222
358940
7596191
4792073
3325350
4126794
1779221
5278055
2495986
175744
4708672
2238367
2975914
2888716
7771820
2795994
2986620
2883143
3825790
2876172
3878652
6663852
1601917
4538455
2795767
4975441
3471198
958896
1952759
6718390
3646829
4392348
1410863
6208586
1970700
1425735
1215752
4902824
1612697
1266003
3932636
9221395
1312485
4499526
4236236
5546084
1749759
3876923
5832542
1720711
2859204
1248028
3102884
2306354
2218878
2150124
4221401
3113607
1793581
2853613
2580509
9296655
1176797
144337
1414051
2623008
6308119
1586923
1653837
33323
2208874
1729047
1561454
4816370
1671911
4722263
1130073
8598875
1536509
4211589
1661873
1799203
5309327
5310858
4399696
1407931
1819952
4536055
7491895
2579060
3490217
6173922
2939363
1442250
5952163
414751
8941319
2801500
951483
2318796
2268103
2550231
1780103
2784070
1834275
1286637
1120110
1712751
2630562
8807409
2246473
1348285
5520620
7702127
5208493
2653686
8469095
1530349
1851659
4628305
4560565
1610684
576293
1674169
8448325
6279775
4146990
5179403
3525776
1409116
2332119
9666823
1979844
2418419
1985478
3326009
2705104
3621747
6609008
5103958
7891563
9936453
6890695
1449362
498206
5536000
6199308
1257322
4484323
9932987
2455187
1187332
1476306
8196154
4281101
5619163
5489503
1780173
6178267
39415
8501570
1672130
4880165
1317668
4256282
3329312
1214000
1355874
1605306
1969685
1457166
8274489
8330240
9308426
471069
1900180
2674134
4370018
186393
1467362
2596465
2512298
2669159
2463552
1131515
2858591
3606513
1502332
4751139
2941997
2211926
144441
1428319
1252303
3453775
4857467
1174402
5657523
4664541
1586275
3121278
1179907
2979352
4853440
3210667
2721307
2183532
2260794
3921098
1110521
7230948
1586013
9679407
5946292
2713235
1891832
2202075
8637383
6577523
8841438
2595750
2628671
1668268
1505465
5759510
284887
4720968
1787581
131270
2451370
1996403
1235249
5779071
1256381
9435366
1371440
2725784
1623522
1473885
1219046
2284915
2373378
169857
3109025
2855217
1964078
4477969
1365126
4490227
436944
5723643
3620744
215009
682610
5632287
9174285
2889357
3655845
940235
5851562
5962607
2771599
1920274
2280558
2794093
2335617
3272446
8257496
1424163
3765731
5917771
2704957
6608735
3918664
3503559
2771606
2856569
2798540
3666348
214279
1668268
1118140
5841442
6585979
1760911
2654753
1156890
1660805
8372473
2883618
3271359
2317074
1179875
6810174
197585
6688950
8872612
2774678
4737158
1203992
7500175
5763389
3513346
1647988
5509708
1462500
8578831
2170279
4836303
4780474
9100377
4384621
4785848
681712
490203
324562
22229
2670059
7221190
6611723
5545077
191450
2724109
1929274
2654205
2476791
1694904
4289754
1588337
6940952
1983053
1349555
6140819
379097
6643589
7385624
1456422
1305586
6809994
5870769
1663181
6482407
9591915
1484497
3142699
5659028
3474727
1362032
2881998
3650769
3656085
1642659
5680093
4739312
8455128
131008
148444
2946106
1262447
1654395
2260239
7764678
1457968
1460257
1353516
118930
2745607
5555082
322755
4121992
1138527
430455
9246865
4764017
1690682
7449056
5344691
3560227
3818377
8591168
796431
1240415
1231042
2426896
345087
8373519
4782229
4193555
5135845
3938693
8337047
1362529
3269251
6413767
3806952
249341
1917388
6614762
2658795
2534362
1283853
6244049
8640630
2747498
1750110
1354733
1148857
3794606
2388758
7371325
184212
1404894
1742289
2412394
2875445
3895465
5226383
5798205
9428504
1635886
1374626
7618599
1619879
962553
5668779
687919
8991322
3493204
5521645
1810626
1658960
6994279
229972
6671185
8177568
3409910
2217463
5215912
2266601
1989283
3530840
1181715
2641628
261210
5740019
5217933
7474865
5677775
1179455
1796227
5772635
2269671
1988870
2819908
1893951
2255044
5604847
1490533
2106497
9936512
2745050
2478959
7994737
4360757
1144229
4819867
2872810
2963097
5657988
4696922
1196723
1487464
2542127
3435130
3160742
7111299
9733504
5559339
2852250
1657551
2152081
3966485
6803339
2989186
6458845
7107362
1215202
3671010
5838601
3727131
2704221
167336
5606906
6156775
6498068
3683624
5672916
5613371
5942469
1518911
5439533
3721350
8340977
3169412
9934597
4569919
2349130
5378105
1640457
1388589
2154421
8887832
5768916
2670394
7709652
5924655
669038
1764462
2326056
6699867
1597698
295836
1465351
1312455
4298226
2539067
1971509
9473631
1988904
2155150
1351455
2544147
963769
1803595
1690304
5450331
8852062
1202547
7240599
8763074
2349310
1736652
1506861
3541796
7846117
2396684
4777303
420160
2997516
4645413
9362880
9358936
1909861
2493510
2491790
8808492
6143901
1581128
3742873
5343697
2978220
2487504
6142158
1832812
1543171
6716516
1580712
2540901
8764142
8452192
8600090
4740217
2116948
7514279
5410165
1762603
9369229
1181723
1285866
1254156
1435330
2468730
313647
5855537
2292128
1887854
1347092
9232492
2622256
3421393
2489594
1548101
6774436
255233
5405256
2203999
8451054
1455163
2474548
3835626
1865989
7581643
1665601
1764375
1481674
2145605
1330383
591607
1345217
8196045
3496236
1341187
2935809
5385599
3509629
1374420
2990734
2585860
2922120
1220746
1703466
4366536
4873579
9661425
2473804
2749408
8971512
5766346
9282893
669659
2158804
2943313
971541
1813342
3582443
1562978
2804108
5446254
5348082
9219097
9362449
1706947
2785293
5194452
2371158
8785968
864368
9748673
1887658
4584443
4938227
2813804
2629058
2135378
1233239
2320488
1385865
7916664
1122283
2801526
8140198
2332373
9603079
1213037
3522309
5438715
2807353
3785577
2828443
150218
6296317
3671926
1463162
1565357
4430984
4151542
2399173
2813141
8140711
1893735
8169600
3903561
9522988
3620029
1942488
55837
3552990
1225515
4118016
4889864
1179946
1391135
7283188
2915462
9815103
1275170
6514745
8589291
1178130
2888645
4564130
3989870
180834
9233707
2888231
4202005
3111914
5421527
4191597
4961081
1208620
3636230
1782821
5762257
7525888
9526793
4940339
4738576
1545368
1697
3489918
3482544
2733647
153832
4793839
3413769
3197463
1602067
7570672
3463959
1917233
6562341
292531
7296577
2834085
2183226
2236209
1996322
3649719
3426834
2373602
5977398
1475289
3810923
7779040
4910198
2672538
4323636
1154860
3399465
2688481
1873956
9807762
2160611
3899163
197568
1576244
8255595
3910466
1910148
7532751
1684145
1522235
5306681
3192234
1666253
2131943
1607783
3918456
4257893
274145
233003
9854267
4612229
970905
1814841
9102283
1181516
2814665
5680635
2217598
1410395
2546906
3997058
4965341
9949563
5161881
9571850
3830878
2666875
2806895
240211
4918671
6529000
3283875
3150608
2728424
2513259
1811502
6405859
1670043
1339395
1225074
218035
1693387
1161301
7575154
2382101
425944
1143333
2342852
6426741
5135523
74711
1523024
1204877
3895510
5488392
3543194
3415775
1336732
9494077
1972503
2454055
1136113
7306500
2315300
3137413
9958426
7112222
2704450
21359
1315445
1938001
5726999
6471279
5621218
7269617
2716534
9486405
1969968
7727246
2553339
1773663
4341524
7179940
1555325
3870442
1186886
3365613
596293
6466228
2381311
6112784
7803755
385339
6235409
3376366
1175471
2954466
3311731
8576653
4293286
5510117
5812855
6568621
3673584
5447628
2795455
1794754
191238
2947217
1619411
9978035
6390899
211776
2670012
1628545
2662205
1472914
3267663
5215522
8913305
3547501
1916256
2177617
5340763
3888764
1180372
2961749
8729371
1971996
2632256
1241774
4119738
2321928
2681049
290148
2597087
3598585
2752079
1821142
5962320
1188588
2818941
5881466
1897084
9420907
1816096
3800768
3140737
7545900
2137651
3748117
3977967
2720820
2269247
6645937
6993604
6254215
2353478
2665883
9887743
1674925
1229356
1381725
1567002
1953002
2954509
4405456
1908356
1740730
1223084
3122018
7712265
8721134
1411010
262730
4620230
172171
3400388
2142299
1425561
1484495
9279200
1860336
5130132
7586910
4540081
1513202
1496963
1336152
4883786
8659896
8236546
2398568
9477878
1440798
2253932
6378300
1555812
8978981
3960755
4660868
1435598
9470723
6721668
8220738
4341619
2427854
2888903
2118026
5606382
2915542
2835938
5495314
8397501
4144278
8177820
5917572
4183188
1415066
3667623
445424
1423846
2998479
2973023
7441942
8709436
483840
2207929
1115974
63557
9968426
1416883
598457
8984007
8617362
3752319
250090
1488671
5566352
2492548
1960600
2317434
1505160
1166536
2238136
6504820
1112545
1444923
1565937
1217097
8740884
2336452
2703482
261726
1341595
3820187
3533717
2598620
7478300
278278
3982621
3529984
1329359
8288677
3849748
121005
287952
3796331
1716072
648959
3478235
1317852
7581562
2654276
7316165
1447713
3204419
1996886
1263386
1638805
7668610
4195472
5115160
2989763
1209287
8127808
3468868
5339749
2411913
4872407
1474781
2812728
1410781
6911988
1274823
6756903
1413277
1948807
1254921
7632992
6395703
3961394
2331336
4785582
1463996
1596434
2402502
3660280
3648335
3462893
4513692
4474184
9513920
1291691
5218690
148242
3368130
123373
5396444
5532160
3477068
1500180
3478717
5846625
1632072
1421292
1696049
1538574
1462124
2244783
7468649
4769721
1231921
3275334
9318782
5925479
4635423
2731468
1285395
7462666
5767988
5890576
8446732
1784278
1788086
2543927
8273049
2987138
7593798
2808027
5638901
1282506
8690314
2250767
3160465
4626493
3609878
1625793
3442079
7815807
1134929
5486530
8792544
949421
1871567
1922350
5343512
9740025
1568532
1713462
1548462
5529693
3172639
1371926
2541513
2644187
1375260
192869
6574013
1274510
148580
9896669
3299129
149425
3251345
43408
117142
4592935
7424048
2125139
4577597
3139649
1833800
5683117
2313999
5577152
1979172
9879248
6403513
571153
1473290
3316440
1922377
3737969
1768695
3892230
6370413
2965776
1547514
8419376
4659327
3480950
9547944
2533943
296392
3822740
5717072
1375326
8657584
2649007
2784352
3694737
1765872
3114088
237522
718375
83397
333902
1874471
3664178
8780150
7398187
7520326
6216519
6889366
6294494
2663805
4504244
1195722
6847547
4603647
2208517
2606604
3413869
1635333
2268132
1458716
2931986
1230876
3398014
1567511
6776704
2892823
735520
826315
1396578
1414564
1261926
1994762
4591227
6179653
2526471
4235902
2184085
3639152
4950214
690453
9567637
1251909
1666169
8237518
7187071
6808811
2593177
3833168
7284758
2194517
2634708
3112414
1485458
3653287
5346915
4973049
1689010
1982883
6809867
1560802
7766261
1336107
1678801
9297519
2893086
1702374
329683
1453585
4346843
347934
253591
1965205
4673582
9790052
4186667
1759347
1352866
560118
1155037
5672394
2357575
3415602
5337777
1417711
5541087
2867024
1370136
3546502
4172425
7805634
1822177
2417856
7509776
1216816
5507062
2184207
3198371
1739159
2386598
253079
1123251
8173407
2892159
189362
1647432
1173430
2707604
1258327
2153735
6696406
9862261
1380596
5560957
1278922
1219336
1889743
1207109
3733157
5746265
4539004
9887794
6370903
251990
1928159
2482316
4336570
1108399
3858031
1432837
6570918
2759482
843679
173604
5829841
1920717
4888038
3317929
2710615
4835027
5835745
8463723
2466310
2855847
1368995
1254677
938301
1121694
5532614
5838063
5125345
5835132
115731
1543356
1269070
7872195
1665455
3579772
1131199
4431658
4416474
1370670
3616352
2394022
2889111
4327247
8322957
4927359
796210
6521484
698869
16563
1908428
166933
291583
3121809
736585
2383246
1468651
4683338
344074
2113700
2838894
7133449
6942848
7511219
3203999
6807974
9633726
1911204
1514359
5433551
1212513
1602455
2541596
1791734
2797640
4768419
3449940
5998225
5811811
2552515
1771180
6759260
4249776
1192929
3312523
1660505
2195993
4879529
7947188
1809001
1115782
8737903
8353126
8893841
7862990
6782001
1708083
8342118
7429776
2617796
2804005
1401458
5804384
993748
9739474
1647124
1222674
5597429
177171
1903887
2906065
354985
1769259
2720624
6991856
4964015
5623979
1925730
2476354
2796945
9366823
2664347
1192987
643170
1801729
3629140
5659497
1468
3303612
1375801
1617966
4351738
9370261
1850357
1211985
5696101
1445987
1437768
7271940
1842098
1817568
8133805
3458743
3519113
2854551
2211503
3180965
2192209
4827054
4730215
1345277
1738655
4240072
2994476
5197284
2688861
490576
7348997
2411682
1437682
2712595
3114586
3614429
651186
1749158
6934641
2275472
1492145
1177154
9831909
1318478
2200308
340590
4686630
5246843
685459
1833079
4211710
536437
1812555
1800612
7376070
2609514
4992009
183134
1771335
4379402
7370103
3208415
2816979
199893
7856964
4984656
2576759
2197879
9290742
6879545
1709680
1202929
5580936
2376831
6825439
1664940
9541664
5336567
444821
4713850
3190368
1243224
5366128
2876221
3716090
3581363
9312236
4243107
1521065
9382350
8774803
4557594
1546508
8841421
2341984
1454302
334607
59373
4635866
7247527
2755758
3846097
4794286
4984823
617608
3743762
1892502
2140142
3271502
1371713
3208862
7962180
163050
1231720
6137530
257323
6485965
8375651
692614
6552411
5299923
1813617
2834446
1789269
4855784
4327338
5281049
9384450
7315450
6795140
8233934
6180801
4771649
1731201
1947025
7365042
9413574
9541735
1402629
7465188
4616020
3118473
4208788
1325883
9593576
1932330
1181141
6553857
2705407
1104422
1957673
1757404
3905751
2692925
3152551
2544716
5867772
1653388
513902
1845096
2641698
365224
5443223
1498203
3447425
5811412
4126357
6319316
3884893
5166857
310458
8991895
883026
5870076
1797542
2944936
1993434
2537240
4273061
8760899
6209972
2662595
3591777
4402491
2314794
332305
3703670
7970824
2828649
3639037
4560287
1760171
9790785
4441623
6553675
1228834
7750599
3143860
6843926
3873133
1576239
777450
9245843
1372334
3836526
6686314
1877007
1565586
1675579
2693577
6426476
1933616
5391320
8913408
2589651
2999640
4346399
1772971
1170387
6335066
4399495
1520256
6708150
7851418
9998060
5502875
1847888
9213156
3653706
1798664
7292585
5933664
5714698
192415
2320254
9259452
94161
6184026
1759423
6307101
3197293
1505321
8563389
7475002
9252032
2108398
1474719
3767255
1680662
2526482
5666024
1686968
2612923
3754434
6189753
6835240
2336360
8500058
7135618
9874509
4862881
1739145
4636333
2273476
3569310
8708966
3233362
8505969
2683060
3497589
3172662
3899541
5486442
4233711
2462443
1768574
2755502
1676094
6487104
8717794
8513528
4625823
1562930
4963360
1282322
1899751
6318763
4362087
3805934
5193868
3149078
5911438
1363702
4421214
3756824
2548758
1159627
6528393
1918380
8625614
2557250
1642509
128649
4250466
9634778
6347334
9769817
1576201
5904789
1933387
221425
9775814
1691318
6102096
7718145
1464142
3408631
1958294
1896377
4963535
2238500
1310765
1450461
4390036
1984757
4660148
4584258
1997355
9589519
1934066
1497442
3194535
1796945
1136880
233384
1825514
3160077
1169635
4882376
3770162
5768275
7334761
7954141
2958346
2574693
2326564
458998
1283729
1189644
7180375
4253216
519974
1447533
187571
2404348
1392460
1339061
2543893
2935447
1691686
3197213
1315675
9102402
7346012
7859432
5207198
9147886
4667011
2883572
8329018
3558742
799
2939173
1259274
6641330
4180572
1214916
1142034
2317341
1715266
2121267
1317129
2933041
3223359
9415364
5755499
9390562
3302272
4918991
1206072
769809
2533125
6328758
1470170
3774094
472565
9153602
1142229
7506304
1456433
3234875
3613194
3133816
9627721
4759329
224016
9203227
2226069
4481082
8318425
8181009
2497974
6251177
4818214
4296297
3739354
475692
3879625
2900961
1266983
2786566
9118325
8433649
917659
7404062
7207406
9108796
1923736
1338203
5512348
1690237
4484363
119358
1793091
4743216
3938045
8280252
287406
9631049
1114067
3428615
3942440
1838976
6682625
1379576
1250663
2490947
2340735
1803644
696734
1449205
1768155
1624410
5141698
1628815
4262103
3964231
7296358
4953371
4604543
1279817
5536810
2486084
3359536
3323440
2477184
1960021
2499789
1729624
1437386
4603428
1564438
3271001
1515272
3384621
9373944
2726335
5661952
1611887
1985533
1458114
4966227
1299540
7795483
2652783
9340359
2657734
9652357
6210716
5315321
675899
1509021
2365028
922053
1335309
179947
4841567
1407372
21864
3607334
3729558
1633638
1311279
1257900
1458014
1134161
9557153
5607056
6932609
4473882
656507
4913354
8109377
4204291
1768323
5361907
1492497
278494
1789872
763418
1903908
1128237
2733427
1416346
4638728
6978384
1541432
2468415
9848127
2368716
4594302
346386
4403164
7890027
3980299
3366250
2467226
1943545
3630171
4153628
2258774
5297814
3581873
8708380
3631633
1867914
5285622
6586748
814714
2259840
8533592
2697055
1938725
5183870
1978666
2497500
1786270
1786489
3444264
5129301
2981790
1393468
1771206
1111130
188124
1199852
1343334
12095
6800585
1658996
1403972
8314437
4508041
2366432
3107780
1755263
5849831
1574879
630501
6532320
2910702
1489186
1431359
1350609
3888228
1307191
7356772
1389569
1825918
3359389
1266625
3868939
6175691
7372494
2593225
9905145
5496418
7714760
1471344
6547797
1637137
1515971
1802811
2830849
8899217
2646181
1190631
2716736
179222
3998251
5210247
9307426
5345083
3577797
4596255
1208045
1340279
3948008
1167318
147821
6986635
2105001
7863386
4883147
8739080
6813125
9238375
8131757
7275250
1574711
158455
1545274
1375130
2927975
7807197
4945890
6456401
9696296
296418
4531258
4101979
6668931
1843845
1180842
143749
9398494
1886944
1238334
3378815
2858332
172115
1653416
1495902
4888559
2801846
1309496
1928463
147019
1249667
9271824
1510699
3565612
2375867
3826260
9242798
3436572
3939698
5790054
6633429
7851562
6550730
5318517
8760074
81652
5582871
345608
1916473
3820715
3729604
4780992
2692760
1635281
664263
5376223
1811689
2469260
1250152
7560414
1481236
6224376
1947953
6156604
5587425
3286581
3257984
9264053
5251880
1520036
5294307
1876572
3324326
2924194
2394545
2977981
6377301
482510
7986162
2268369
1332553
1533933
8391764
5444894
4360349
2868002
1615356
129894
2968184
219099
329213
8116667
1648086
3402182
2968871
1504831
2185626
2716566
2166752
1663804
1106899
7844100
5894049
6403688
1253492
74919
4382071
1176902
2588909
1506928
3407018
2807864
16304
1657966
872096
2927045
1584253
2799158
1333549
1343297
1615132
2135939
1986145
4137395
256173
3127282
1388781
3462302
5938289
4369950
4517912
2455820
2275078
1148914
4877771
1514506
1685156
396446
2711133
1989925
6313342
3843734
3500413
1486415
3370646
7735867
1451810
4998505
3428395
1739797
359403
1888494
7428778
2843121
8696014
6995739
8621360
448084
2577859
4728128
9916445
9870609
1455184
1959107
1550457
2801749
1104919
3258035
4264339
3714929
5436164
1280761
9144341
949103
9681247
1206474
5173910
6880786
1610616
1959217
3896844
2471563
4945270
5184844
914195
6793477
4925087
533408
5689383
2720322
2943824
33320
1350031
6293957
1726281
2144588
8664378
5507462
2828277
2333680
1625293
3630053
1146384
892572
7379093
7810245
174804
5711852
5429293
1568874
1405775
5320750
6852567
2774457
1128326
118566
7758368
3320120
7273336
6182512
2582546
2435219
1670265
1838084
4571817
4130680
7829352
7926981
3492934
1818793
2644976
3594240
4943791
4909705
6470684
1279277
3976138
2250213
4915696
1774463
4852991
6650548
1115081
4241572
1249798
1186075
399317
5756078
1510600
4846418
6707770
2456949
1694278
2271878
3531997
7188253
1882964
7638413
1277875
1563702
3884452
6236814
1449969
8658797
5325524
1519945
1682298
3784235
5592674
1452435
3663491
9266970
2704709
4780723
2817115
7872087
8204256
2996067
4578628
153964
5611386
9275967
1369216
6674258
6677493
2997047
9641435
1422692
8629
2988724
6873944
2186565
2669447
689680
5934401
246364
8199126
2878792
1999274
2178423
1376907
6473406
2272497
1910638
4808069
5775242
2382464
1352415
3647338
5473797
3227453
3880401
1229337
6330102
1297298
7477178
2159990
1367960
1830295
8731369
4495817
1657100
8838439
1860307
1762097
1267159
2878537
2473908
8300049
1910690
6210351
8516197
3875482
3466944
9175579
3360893
936461
153887
175027
1349198
2321088
5730414
6450204
2282350
2688465
5169612
1514159
2131085
3252797
9844402
3654739
814698
5980306
3344876
434230
7293650
6968620
2642146
1495981
7568355
8780727
17792
816186
4459857
4222206
16671
3465528
1829959
1619800
2257402
6354941
6923037
4145513
462300
4662729
3806922
1341449
2271596
4385162
3624335
7892780
1434640
4342731
4952455
9266814
1150596
2548090
3810981
9472948
6826231
2687596
3154897
1185953
4476654
4636273
4811757
1586019
3414400
3857584
1457663
1665321
7898815
9835431
1967146
7342961
4672185
5577266
1896257
1956171
2980391
740996
927426
917369
3557954
1846224
4560825
3593985
9376914
1393842
3455055
1931831
4207895
6144036
5150748
7768429
5464929
1791643
1634402
5492738
1119809
9999781
2783494
156284
1551713
7479858
8676227
2119671
7447048
1727671
1724784
2640977
8379648
4928516
1829236
944746
1332340
3741178
4537795
1620028
4427771
1350496
1272923
4433536
7831598
1490316
6882035
4471096
9584728
944506
1912519
2176031
3310762
2954525
1294597
2229979
870601
8287278
1706041
6266032
4876567
1774535
9221377
471509
8288620
2615575
8776916
1286689
4863299
4674575
1595243
7397987
5113598
1688480
1892479
4795743
7781570
5605607
2765324
1521487
1218697
6978976
3772240
5685248
1581583
6575965
5545317
4421203
9860081
1655157
2607084
2652025
2513961
1539811
5602546
7710247
3724413
9363456
2424230
2698192
2729088
3428949
1741778
839680
3954674
3441974
6747754
1124641
2563050
6612842
2825701
1534434
1207696
4265266
2379442
3716568
1644042
327682
1195165
6222915
9136572
4103114
6780127
1412580
7903540
1759657
4109734
6265596
1231366
6495288
1162884
1461021
4194216
1774900
3399854
1645281
5773645
7625574
6740016
7404476
266585
5279824
3132835
1766326
6563917
1660268
1983185
2561370
3371641
5853181
4108491
2194010
9734898
6782768
1473274
1886135
1202067
1259666
8610032
295433
6321641
2192828
6741571
348037
1591035
1386457
2349592
7998544
4451936
632105
1944452
2620166
7654333
2587278
1541483
8916938
782898
5221145
1418892
5265708
3134982
1666560
2678893
6452634
3372382
3686226
220106
4608201
4792458
1294219
984321
5675151
2940463
1621697
3910664
1395388
6531967
3434177
4435327
4187915
5517671
3844555
6108068
1671352
1577823
1543830
5591879
3598287
5160184
2568674
4903800
1283099
1190371
3340033
2375188
4148460
3598553
4520119
6215278
3206163
2534929
1998554
7645037
5167860
197686
3799657
2984923
3276284
2408792
664998
975941
2401654
4525501
4444117
1806702
3852099
5602373
379662
1187264
1742781
1385016
4514768
2902966
5169459
3442548
1672967
3912952
5919765
224443
5408374
1626991
2990302
6834384
3252643
1246161
4950967
210455
2249238
6292733
2766356
1976194
1789874
1818068
4912446
9539122
7499510
4164295
1802644
2900132
1444267
6234892
1485203
2477649
1455051
4991576
2968533
2573904
3260240
1776433
1997359
2403759
1177643
8100452
1405525
4756059
1483553
1913539
1983935
2586565
7186878
1464544
3620787
2718598
4847730
3798862
3758366
3763461
2213393
1802836
3557641
427876
1834502
3691767
1494375
5964524
6442457
2571237
4295271
1252865
4202680
1281478
1259093
3811796
7310146
2198611
2138385
1481196
1686591
4486593
3566955
7714006
7419651
5482340
1730138
4133187
3282624
856751
3225687
2376062
1331801
2579836
4824738
7446632
6200753
1476671
5124526
9662133
6467931
1882284
2810340
3392830
3812711
1917656
337253
1388286
283013
9688319
3539586
69466
2790623
1761745
7270484
8242844
3405291
164693
2131435
4232205
1909409
7596083
5997935
4998268
1405489
1866972
1538201
2739159
3524337
5585171
3590656
8605795
2900809
2224168
125166
1453666
4773830
1693064
1628950
7462665
3381600
1600719
5287568
1301628
6160789
2722083
1990459
4282279
1208769
3355405
1605909
3139197
8577308
4687991
2992443
5330576
7887868
7240126
8546032
5363984
8763022
3121315
2752178
8381125
180054
6296452
1236422
1737622
2733697
4659881
2524064
1357041
2147591
2746994
136378
3204562
2224866
5950734
3383232
9974654
3357454
1249560
3971831
1760130
8649895
1620031
6728360
2894648
8730519
7950941
1525413
2441601
1600349
7247196
7201502
7454182
2641963
3762379
4316267
5411333
4290740
9157794
2147731
5946358
1884090
2220047
1103244
2498738
1136725
3120294
6688512
1420031
4513840
7683684
3596486
1494427
4712480
2924634
1853263
5152178
2587669
169850
2167370
5654510
3764312
3112835
7331196
2903475
2684088
1954007
2747247
1632554
2173036
1289022
3421714
4470492
2331395
1554854
1705822
7980956
3557438
1683106
6379085
1132586
1170753
1964988
8756848
4454556
2582067
2653100
1462403
8176364
9189277
1215828
6769233
4592747
8629298
6620576
2532830
2866986
5533169
5172364
1575315
11544
1367174
124567
223619
2246706
2726117
5198434
9789899
826257
75393
1721478
1920886
1678527
1196558
2456067
1993585
6867296
1867771
3147266
1711306
8886554
2702968
1307429
3920104
1637648
2705880
5970716
798288
4885097
1332751
8616107
5661630
6781370
1493714
9569703
151000
465374
2577838
2121873
1133752
2631092
7114696
2769084
7481502
1487512
1211221
1881550
3683420
4837448
4176527
413874
5989156
4571348
5783498
1212388
7159203
6926575
2124080
1291382
1596888
2502822
2252757
6580677
7413369
3446561
6672621
2927254
7928208
313766
7455720
5220387
4615785
8203169
1360262
1909092
8735432
5128804
2848447
9787013
2114943
2687840
1512734
2604942
1244921
2932878
359050
2415999
4524872
1816198
7738070
4476567
7337047
1804993
1652187
1485852
5649215
465869
6673225
4923872
1132094
1881611
4378423
9557833
1361623
1303006
9286336
3248764
791639
6703424
8305626
9823441
3511670
1196346
8924649
6932043
3870198
6136582
1885370
3809942
6926449
5810334
2119384
3578467
4341065
1551795
9211547
9937379
5272673
4795619
4837046
3666026
2223045
2463120
1137305
6649490
233957
8428999
3118896
333932
3890919
5972643
7726830
5838687
4746341
9173160
4883287
6100098
1404370
8249937
3100623
1394402
3863862
5800928
5582834
8763494
1745741
175931
314163
5983521
6601434
2436617
3588128
11536
123506
3710015
1720909
1429489
9638366
122897
2344673
1875175
5487956
210287
7671655
1898379
3753209
5988348
5329801
2662184
9602207
3926673
1956844
9227772
2675774
2914058
3137320
1860634
5503149
3254642
2988298
1835199
5640913
170708
1862143
4353379
7898917
5269969
1317357
3497758
5405644
5588848
2251462
3365675
3650224
192542
699202
2985517
8731239
8866552
2236886
8494811
4189817
4415434
1434131
1731241
3110111
1236349
2269247
1255150
8750168
5345078
2291633
2538787
186327
749554
4595383
1743656
3662142
4974299
24490
4989012
1724061
9152050
3444726
1800367
9778039
8788059
3845999
2715686
6803845
1521906
411163
7236748
1400854
4621409
8225198
2903698
145487
1774267
5456134
2440420
2508036
2752750
1703921
6323592
5488547
2956564
8106881
2380156
1365376
3532816
6295591
1991943
1478445
2269634
2486230
5374602
1935917
4689354
4830956
2354795
9971462
3229923
5843820
2668871
1606725
2181173
3970418
4389518
5209252
733276
1935825
218938
8519100
1582206
2999405
8458189
2957044
7951014
7809185
1950540
8569432
238275
8662490
6822655
3465036
3469675
2402953
8491891
2473979
1826806
4485148
67504
262
5552112
8156787
1960800
1622593
8745849
1209614
6565672
4803180
7860923
1629818
5469777
9328389
799387
5292522
3246100
1466306
6987606
7205942
1354189
3790330
1321225
7711339
1979719
1893700
1514430
7453366
3136319
1702392
2819074
7131162
6197547
3203532
4644776
3429173
5964023
2328131
2675301
2827878
2125696
16987
535056
2401012
4461200
8698557
5224662
347017
6566861
4218699
1434156
261555
5201533
5600713
1815610
78948
2941560
2262267
4915245
1256665
4560010
1120319
940199
832868
133659
2709965
149508
1383131
1861136
1218206
4717255
222380
6943318
1825180
1590733
8694767
1943677
1420737
355234
2623418
3914332
2809642
8812794
598419
137374
280907
8212431
2650958
1549720
2267516
1691143
3881576
7622067
988088
1618550
7431625
8558448
4365513
3689382
1766726
8531395
5794165
2786747
6196675
5165889
4814853
1730120
2877978
1934673
343723
1502459
1702810
8693004
2608121
1878231
2331527
8597085
5445517
4407768
551419
2814785
157897
2634626
7309530
1536912
1201580
7516977
5217061
554423
4507440
5654134
3351807
3843411
692060
6268906
1790808
4341559
1606816
2135071
190351
8180784
4156976
3455682
7269597
1199000
8512412
9517138
1652179
27722
1871058
5369500
2111354
7678047
4472091
7816101
8711916
1394794
4956108
1202438
1468975
158950
2476328
4491606
241208
3980132
4616914
1921508
1850108
7340253
1914
1421251
1387793
7435822
2173644
1921957
3564717
6323268
7111362
8437144
8324172
4405759
4315570
183031
4970691
6366451
4619517
4368512
135608
2441002
6947143
1894717
9182519
7114909
1286018
9490128
4420442
1668298
1355585
2387300
518972
124725
592392
5447531
2936672
2470882
1902841
7782440
8585608
1348086
2920182
1738367
4350220
4604339
8773273
3414105
2321185
1316972
6910754
1964797
1898332
8728041
1817694
2246511
8552588
7246103
239742
9227209
2887560
3815176
7435778
1885635
3767637
5259520
9690095
664414
2614943
1963021
3834742
2361267
1361637
4628324
8189524
4893902
9893564
5468841
5531074
1884920
235578
3870784
37510
1865415
4772943
470203
339431
3334248
1939259
1509951
1340443
5776252
1825107
5987552
2298865
3704050
6524672
8364864
4994871
5957035
1254689
1673076
7599529
2462944
4677355
2504102
1856562
3558889
5150027
5406424
1283940
3280485
7508600
6647422
8196713
4606910
1143591
2823346
3653000
2905229
1515107
9820989
4665346
48122
5903890
7395340
3311327
4956840
1122843
6270918
7136862
4333713
149892
1910240
178745
3453441
2560439
3952816
335266
3537510
1999609
1418019
1462469
249655
7569665
312765
1121833
3933905
7671866
1668352
7600744
1149422
7144411
1679275
425904
2895661
6363598
980494
1378964
8858320
2240045
1858303
4680637
1610565
3127268
1365656
8826289
7277591
6467705
5657221
4238879
5983667
2576358
1421912
1105328
110407
6949988
2411807
3632122
2211745
1556760
6794188
3503569
4812902
7480592
1311980
2757032
8691358
5995120
3793065
1777921
5343968
3571257
7615303
186608
2124582
3783128
715675
2918974
6988430
9694407
6384925
6935227
1827236
2670922
5332190
212269
8315678
9758496
5962958
3564052
5376958
2482659
2465520
6519993
1146983
1259200
1515992
1940959
2643977
1269283
1984450
4236581
113340
9839872
170378
1893349
2879956
1682483
1303234
2370651
228408
5915686
3786428
1132260
1807624
2396184
1758475
7577717
1481829
2568173
3450664
9937485
1301010
2861485
4346270
3686486
469563
1768001
1648878
1999013
230241
2403577
6556318
1624523
9649504
2545957
9329362
3358538
2115314
4823726
7250800
6445574
342046
1499172
593832
3898292
3301411
5278053
2416636
4748892
9408223
7743094
3286628
2172865
6187664
1214132
8533830
160427
38450
4367091
2300073
2848822
5498975
3656427
1255955
5802185
1706129
9767868
330695
6308623
3549011
6913665
7950488
2789928
5202251
1731770
4505002
411977
1102682
1434805
1933900
4248973
5224306
5862017
4426015
4604111
1455313
4254021
4214389
7387990
7878069
3238617
144439
2714127
5242458
9979543
2161759
7845307
1118465
1313190
6238519
9499882
3802092
2366058
6599738
3608584
4550271
5791876
2918344
3895964
4110703
178018
5446928
8872779
3823026
5102642
1591726
7620792
7715332
8460545
5788594
8282286
6580146
1711704
4447493
4631674
4821540
5884205
1579473
1609734
286859
1532955
4353351
5969582
2494982
57451
2415559
2839786
420463
4650512
2259243
5588004
4555533
1474834
7620359
1653560
1398487
8384022
2296376
3444694
1261029
6705029
9804600
8247512
2894973
2493290
3929216
2693518
3518713
3659394
2290363
7284114
930104
5477765
8289928
1664220
1826646
1541955
9384219
1578875
1740215
1101885
941767
2416775
7876144
5729981
1489847
384578
2726962
5911590
2989274
183959
1617360
464404
1463624
1254677
1807697
6156816
2734525
4980041
3626229
9130541
4458101
1288744
2537496
1142649
6527928
977672
1908182
1908314
2412623
5634509
3724326
3488789
9511862
1220482
1444563
7848781
2899259
1341149
3277389
1860026
5907532
6761731
6894528
1836829
1146168
341515
731703
249454
2328299
1360515
1796453
2799314
8629989
759584
3428911
477611
3442221
3280723
2385762
3408790
3836137
3909038
5148522
6259332
3723669
2500845
1214070
7122208
8773208
1660650
1218340
1713879
253403
1556473
5438781
3730996
5228642
1661152
1148886
1880012
4241252
1371395
6588294
1423852
6326937
6822158
3501728
7470679
8390977
2820525
3904867
2274406
3969575
2988279
2227923
9856142
1138892
326417
5583228
1114540
4451570
1509201
4132340
2895318
2535064
2416075
5124752
2879887
2832719
7616554
1515390
2217121
7649790
2723420
9847459
9667811
16280
5832996
5887947
4277431
4984305
3949797
196082
4430980
1431537
1726885
7441225
6605200
5277682
1806915
7415776
1148342
2362955
5978462
3496380
1242843
3151471
1828970
9165455
2366422
6524758
1607364
3204908
9666982
718878
1396526
2606863
12745
6561452
664325
1742329
270993
3566026
1561754
1402112
1134246
3950225
2300948
9455513
3753836
3988781
2136471
3218537
9567550
9624874
1695351
1675378
3414137
2635257
8160384
3535841
9431297
3394554
5890657
1677643
3198046
1302976
1456105
2848416
2424570
1837072
1812513
4838253
6966214
3613620
1653064
5191138
1504352
2992054
262838
6753111
8974573
4856659
2295112
1510881
1927311
2596051
5150257
3164445
6799739
2823174
2176801
2265416
7788952
2675595
4372342
3537374
6856195
2864419
7637182
6165472
5270890
5291084
2869166
1299188
1325524
136142
1370511
1787027
8197808
3631347
1452529
1452969
1694549
1187965
1391869
848708
3426090
913799
8842404
7932755
3843456
3140923
9240197
2861865
1916276
153037
6475557
7350647
2144167
1668111
4586810
139426
5913662
7275152
5219770
1116550
1339380
3154129
2790455
3700740
15250
1171915
3179860
465258
4129336
3606372
948567
2488049
1609566
7376378
1400836
125421
632090
4951639
291820
1893904
3132361
2383080
7192629
4861212
1632050
4323073
8290477
8472277
1451055
2388224
2333820
1445833
1455374
6989632
9920831
8200403
8788000
3270226
3694837
5711924
9153858
3667386
3110988
3926986
9455227
3828292
16543
1902409
2484901
5212075
2905603
4826048
5739266
1330920
2965832
1542746
2415744
1683825
635281
2945132
499249
1457100
4136840
9383283
1828310
2657634
2701924
1838435
2321072
2197442
3198812
2800069
1830731
7931488
6665240
1242228
1473261
443897
4518843
1370051
6816306
4845848
1521769
3636721
7123984
8873816
2104461
2820870
2529436
1407976
786705
1402648
1180850
4426177
1812814
1540218
3683117
1924619
149224
1720283
6229652
1683337
2372535
5808818
2186657
5521857
6248493
2979946
4244948
2733614
8705335
1917575
7814228
6533550
3320655
9554006
1428652
694473
1690106
2353441
2230288
2921826
2419955
1782337
3639497
1152477
4708281
5794265
5194146
1910683
4835517
4934910
4845037
2312737
7209677
4897081
1144373
311272
8439858
7464993
6642301
3334515
8271911
2159872
2814360
114877
2330059
2129527
37325
3756857
4491286
3119052
8248128
2518918
1903634
143255
1871649
3438883
1149581
157833
2727531
687205
3370765
942089
2531850
1780233
1662937
1507497
5219025
1167880
3433910
3346998
3212273
3788504
1801907
1727495
2660847
1921982
1456783
5105476
3400671
6461673
3326863
1329225
1176726
2698982
3622268
5596663
3293862
358696
495047
1569018
2895337
1662518
1926272
186098
3505320
4162898
469681
2571829
3719099
3747831
1701920
2191337
1286312
2647573
1915729
4425482
1405001
1274067
2334825
7403972
1690432
1186682
1508920
3431603
9643518
4176141
9197626
3225735
3353236
1273339
8336495
43082
1535258
112339
3922654
2439898
6118932
8968054
1382168
9109851
6828405
125273
1266263
2631785
326335
3909137
1820759
1467211
1570851
2683745
2551603
2803670
7437711
2114705
3148737
1491738
1715521
1128173
5114786
3189232
2634187
4552816
870033
2724071
6959247
5468028
1585244
8475404
2440491
1965730
1728521
5315644
1170360
3604158
1404331
9706451
1534017
9815692
4114296
8973286
9529
1403685
1988952
7681871
1704872
2657902
1163818
1989412
1110591
5777407
9428625
1256818
2484736
4763399
2802560
8494041
4715579
1919584
7773582
2962476
3627194
6918822
5593521
2123633
1383583
1273908
2573917
434874
3142701
4355699
1929406
3330832
6534238
3732520
3150615
2731048
6334802
3606060
4254575
8603711
1871880
1784401
1645292
6767070
3350171
1412237
6831031
1529595
1174228
145590
3417519
1662264
2892026
7942413
4227193
7588131
2345263
1863595
355825
1493373
5173673
1245708
1999728
5772281
3491238
2185702
8496586
6139256
1641659
8847241
1579132
1996029
1636854
1715391
2297716
6591582
1487128
3467264
1596188
2232569
9668448
8638986
4823958
1381633
2784579
2314261
3722608
6982245
8906921
955371
1312217
3622297
1949468
4353775
7418893
8296994
1730266
7860123
186138
3493754
4390090
1606382
5165278
2648193
479265
6655746
149830
6891393
1421073
1404668
2351244
1598203
3563766
7986829
5769905
1246123
1475294
5981076
158775
2353881
1248644
1886752
3170454
4792599
1532307
1807429
1817972
5208902
3368565
3606618
4515389
1270811
2749751
7355571
2771026
7889253
2418843
1958719
5233996
2518224
1798481
2567594
2751100
22768
6857341
2832434
5419207
9171403
1164648
4216019
7406308
3460535
4711920
1877700
216699
3657317
2764645
2355705
8595495
2885126
2601588
5291407
1244828
2926636
119703
1855861
7166253
3770386
1431675
345600
2926690
1413898
1505958
5934766
3522310
3424685
4579515
2863197
2470714
1261130
4358276
8511869
1926307
181988
8977344
8175117
7246239
1130626
3351172
29521
3784141
1184693
5347813
1109929
9554849
5206425
1650789
1913028
1505005
2891189
1326136
2450872
7896470
9833688
1142363
3437646
5932918
2606142
9569067
8920968
2703619
3106204
1715748
1505313
2601308
1108399
1419044
160275
2226070
7794351
4961038
2920234
4624456
121736
4470335
4724788
8560311
6886325
766648
2694327
5103771
1835835
3853681
5811997
9237023
6950350
7351001
1940469
2675958
1763347
4283430
3711803
7971837
2861106
3233626
2943622
926914
2651114
4262619
3238920
6229350
1573357
3786192
7691618
4269440
2991325
1516016
4174920
6571242
6366408
6377538
8682917
4310928
610688
1426039
1667885
4517059
1901229
3108234
491664
4299637
2278023
25100
547718
8891436
1424234
1217569
1186839
6991875
3848636
9469271
1280392
2478813
8883356
2768730
6808129
2450622
1742191
3490837
7802161
750656
6636947
3445856
3404105
2937602
4765574
5765835
2554304
7322641
7729843
5381274
4813405
7951104
2888694
8165688
3483541
2726100
129090
2262825
9468305
7591212
8791990
8902459
8482744
8616910
1718197
3507804
1829282
5171348
7685772
9487056
3542453
6747896
9600842
4507550
6877913
2590201
2176365
1300426
33430
1857846
1800013
1626435
1767384
1692071
3931563
1908801
5909873
2966746
2574906
1629068
7630716
380585
7638268
411431
1672937
2290782
1442636
7628023
7243868
6526159
2965711
327372
4972015
532097
7168155
3424823
5597482
5487388
2518817
4494127
5761912
4509261
4882594
3338539
3565391
7497322
1370186
2750654
3351757
2931435
2291632
5640647
5953931
5579304
1799076
8389962
3475034
2770348
1251071
1402527
4942560
327196
2353375
2237196
2669979
5735184
6677544
8519238
1291655
2483269
4284402
4761485
2361747
3254684
3387234
1351994
6911823
1434243
9822491
1769972
3585709
2126494
1290401
7218811
337403
6555682
1305962
4198182
5455917
3870316
5184564
5374077
1120438
1963999
2573075
1620070
4157958
247605
1749893
1734257
2309225
1455360
9713620
1453611
1747930
8673590
1254732
1234376
2134344
2239364
6445531
6110609
1443923
4165408
2565154
9845797
3821460
8980919
3385041
4438550
2324742
9190252
5601062
230552
1990233
3819332
1623954
933074
6322107
2996221
221200
1622360
2512158
3570285
2971005
8933896
7200860
1613837
1478689
2339688
6156246
3305616
7611205
3139523
14399
1703176
3887684
9711583
6392271
9197985
1907822
3735108
3105440
2712906
9675138
3855524
393572
3752665
230928
2585582
2882595
3511420
1163345
1444983
2917826
4278987
1178976
3846541
4287012
3178717
2132331
1483492
7393121
8652080
9331236
1349121
2367060
3476497
1597332
3767896
1444430
4642152
382976
281437
1611141
5630566
2127158
5482351
2817547
393396
3263746
8866761
1113556
1598498
9606554
1282026
1632254
6952172
1904328
1316818
2314658
3997558
3447489
1180776
1483463
7728277
9826054
1834088
3434775
6406920
5971536
6380587
1160294
533848
664027
2389928
374885
8238858
5241902
2584345
1867176
1562212
3429201
1330364
8576838
2683008
1321532
264481
175159
3935935
1182702
1464915
7158272
5409148
7232813
5309056
7306829
1863878
2613458
356201
5593228
1914094
1940034
9641241
5155797
1792980
4976885
2857730
2265355
1937909
5475782
2641712
6341413
4912265
1863949
1731423
7642770
4180252
4669279
1544018
3300498
1398596
3320215
1946441
6110437
3422473
25067
1682278
5681063
6981186
8589364
1460935
6366171
3128274
1895009
3785059
8877059
898454
8925971
6139915
5277741
5791666
7193361
2442109
2632728
2363105
5465367
4347057
2118278
2725179
2961107
525678
3870688
2962827
2379295
2524074
4826544
1812816
1588508
7430071
7110558
1719330
9363045
1251755
3611673
1648803
4327585
1874385
3291050
4713626
1391346
7263608
3354864
8428077
3419293
3610810
3842790
7300778
8353037
1908270
2406315
1798769
4250365
1261006
7671066
2207893
4955095
2588716
2825886
7253358
1379197
8441030
318721
5649616
3668330
5501792
8382242
1205711
58605
5776002
1988242
8209671
3256637
2390078
621760
1686099
4333785
1890716
1294421
1846278
1606223
2843730
1392468
1221236
3217219
796569
2131173
8953908
7152398
7277822
1418262
2493587
4534260
147288
1752072
1671175
9653518
1206236
4437239
1809349
6809001
1906979
1393707
1646230
9435782
4791849
5175026
3119489
4707309
1196979
2657555
2922860
1879445
4156927
9769896
8516209
1922149
6382336
1941978
359820
113049
2530030
3187018
2127748
4996344
416527
5435998
211974
8808801
2191940
3103146
4120868
2324893
2736934
6694821
4113752
3623991
412881
5164698
7238960
2262606
6409341
5465411
8842
5893006
9819017
6968797
2929169
68104
2184444
8619412
854595
2735396
5906681
1961541
9130978
4250455
1141836
2653314
3771794
5799320
1683954
1367846
3146563
1604162
4848872
2647041
2648564
2803982
2110080
1841945
2670519
7326723
7983572
67067
3126259
6871472
2899001
8725475
3799712
2600258
889841
2363423
4566737
1813394
2336217
5296686
2876623
3427808
1996724
1944366
1789885
6430163
1407474
3618669
4690797
3776584
8617337
1988167
7345863
1832343
4232171
6788495
3892352
1154809
1305139
8446310
5299118
7243292
333526
7846234
3962031
5294817
380361
4399092
2815420
7775558
6140526
2400867
1142752
1943133
2298732
9983510
1454205
1913957
1154729
3955008
1104663
1921480
1402551
2599014
6363431
2501697
4418122
148090
8595302
263568
1989504
8574944
1828200
1776406
1497018
8739241
3795596
1693906
1628091
171581
5560212
1670024
1514513
2974183
2260993
2940063
1408376
1299924
1865455
5618356
1302061
145676
4344393
7858119
1318207
4235361
2608896
2229126
3841136
4924917
9580584
1199555
194968
1100276
3265156
6872495
1828392
4307177
810075
5564314
1399640
514147
259385
5548950
5998547
4979675
1736546
155386
1245145
5654912
2469199
8803169
3914982
1227526
4897458
1773818
4620979
1478533
2177687
9489110
2167066
1214175
9686421
2736818
3991530
1327708
1296152
4794665
2295944
1125452
3287489
5703454
2334467
4174131
3646981
1811173
115345
1169505
3767881
4191728
9779947
229699
2681409
1729316
2459183
7280977
2982028
8422603
4357092
11032
2890217
9959491
7535660
1963121
158233
4158961
1433665
6460155
5417539
2913424
1877748
9974502
5542489
1361026
1119260
6577873
5878726
3287061
1569669
2380151
7275980
7998209
2539586
2672052
1451887
4512650
1601011
2448726
2920304
75010
5942160
9209638
3288413
2416860
1817767
298062
1947811
2808428
3628376
261211
2762526
2100758
1346857
1818725
1555351
4759798
2490173
2671384
2154519
2120841
1883632
8331357
2782812
2235832
2701248
1906364
2499185
5505293
24506
4324664
1306868
237695
4888374
7641275
3829309
660200
9423686
1443634
2482922
2666181
3644633
1735394
2884972
2630110
8504780
2992147
3470509
1884128
3679958
3107885
5187327
3840175
9324033
4108569
2412427
3908467
2914234
1968360
2138574
1399857
4322641
8772207
5795432
9594929
1811517
9637088
1434524
7562051
2600133
8759954
1871005
4636155
563273
4555518
1687045
9679759
7847014
2163936
1177218
8295817
3465166
2704968
1588580
1678794
6758226
4895888
3384584
2715050
4901201
7183647
5287117
1122817
1911626
8471136
2877309
2781751
6899835
8319416
186916
1326844
3479636
4837155
3469399
7468828
1909531
2424413
3187177
3180313
7564821
197202
5824699
1144208
9626407
1561206
213365
5878678
5908423
1888420
1517880
3788317
4836321
8424390
6395099
3738159
1727294
1650572
1241090
1906560
1865743
4399922
6466089
176794
8867541
155977
4507000
130745
1270921
4222529
1299118
4754478
9859335
3955769
3330081
2843499
1344925
1890127
8513751
3914005
1740208
46711
2674086
5839592
2613541
1186853
1674874
3545177
4906706
4667776
2345487
1588132
1227258
5435097
6539812
6974078
6485553
2289732
6279117
274328
4170918
319968
1800562
1317854
194332
7674446
2518489
1988291
2226321
1402394
2567307
1456109
7413098
1632003
4788639
2702403
6615855
271409
566097
1447257
7273557
2422910
1694603
5499071
3388353
4240460
1182715
117023
5858996
3748267
3357728
9191721
4179636
9820870
3433010
9787216
7578004
2782781
819094
2460906
2768739
6808249
6586223
1195906
1772725
7964522
9381906
9729915
6743931
4102280
5149053
4739974
1464857
285908
2714719
1439757
1601752
3694269
1850343
123204
3707968
2231753
5543083
7349567
1975358
5317210
9945901
4344617
9569744
4867529
8248402
1997661
6956910
3322448
2503311
4125906
1829422
3712874
2644293
2478078
1791987
1993882
5755974
5688135
4796494
1733785
5986128
3898636
1548333
2195803
6220537
1158144
6668180
3354208
1340849
3736505
2925397
8134206
2320034
9625257
1433394
1217420
1506809
2247214
1885998
1568468
8490793
1523543
2636459
4380060
1214387
3637370
9345765
1767530
5606954
3826807
7759263
1258242
760081
5717244
1417961
3923062
85718
2633906
1796197
1133743
2134341
9150726
156515
188795
1131930
3587858
2544988
5217404
2648994
1576406
5142576
3847511
1407063
1236538
1938954
1328919
4373734
1392869
2817267
1797483
5570785
3655428
4673862
397321
6764099
111592
7426856
2668724
1839490
1551475
8788422
6929842
8162219
2316610
275204
3770910
293797
3302864
2789720
4122377
1130721
6287187
4901998
1378083
364228
155128
472684
6322725
7233635
8652087
7171755
3120050
6760000
1497624
5185438
3965818
1919419
840369
7992678
5786286
196103
5573702
2115057
5931197
1338333
1251719
1762190
5599251
1349085
5401497
6422732
1288983
2819849
9249091
5605406
1369599
3728806
3544885
247482
2825310
1200963
7204544
2658761
1841000
1256089
1754351
4214344
2491244
1523986
4196148
1416562
1289699
1177008
1147282
1300812
5799546
499638
5496990
1123366
125578
3880540
4369036
2172267
4435919
3579189
4487367
3740509
2172221
4314363
1864948
3361452
4579690
3247185
1534199
1477936
4631155
1299468
7837031
1352684
584489
579944
8345205
4611295
1862863
4423849
1463946
4254572
3341913
5340899
5835035
1943450
2697991
2902279
1346713
8611322
9254407
2364445
4468583
231236
4149135
1441863
1313596
2656704
1205774
9124199
1125147
1731052
2539863
150459
2101169
4257619
1642365
5991518
1377926
3989854
8664562
687886
7354974
2843299
6395281
3386570
7661395
9283965
3140548
4831541
1554466
6332654
5672134
5110740
1373620
5222513
8676224
5738815
685039
6937282
1863236
7547881
1986797
8343160
193946
2546442
1471326
1923769
8798227
1290564
5642431
3277592
1911947
9528114
5281819
1198245
692037
131303
3964402
3577341
2956612
4928398
4313096
7484817
4153400
2205253
3451677
2595195
1550204
9514675
9820445
6703807
4842613
4474954
2453178
2179055
1946518
8968947
3888781
1965519
1470342
3111515
1786141
5266558
1916520
1471746
3786613
7114644
1835813
1484915
1385539
2759825
2228834
2428744
1736321
1666995
2650531
550384
9498898
6899739
4842499
1221070
1354353
1354999
1820214
2465618
337495
2286504
1900453
9488645
4640754
6310482
112539
388894
1394456
3174536
2316535
1922692
1306405
1504896
3294075
3951643
1117129
6965925
171545
3500248
1527337
3884889
8189202
3367821
2546754
4364205
3733642
175860
1855270
2989028
7718859
462178
947950
551141
2549481
1824229
9257204
9253808
3676222
9891478
6242806
1565940
7375809
2582327
4758700
3997069
719617
7624180
2161000
2169425
2975129
3568232
3231317
1458424
6525587
8627474
6178237
174429
3463949
5227385
566309
280291
3997540
3873157
157510
847940
920041
5481183
8249342
8876743
1700599
8197476
3836942
6817796
4334526
2566673
7303016
1370088
2948034
1900849
1129947
2345885
5759681
192701
1643067
7324538
1415930
3475314
1725076
3282078
5849305
8734733
2701118
1816985
1405645
328933
1283111
1559402
2493965
5963293
6455956
7409651
1442216
188887
164066
111990
8897105
5168743
1112824
2904361
878092
1446962
4610202
4278312
2480576
6766261
6372793
6315651
3597616
1275688
8545539
8615770
2773305
5576815
3295889
6562392
8439562
9223132
1539310
1937424
5537939
3735249
9998319
1141643
1212891
2928848
2157808
5708636
2427129
4814330
4398937
3449413
1393353
1218808
2981145
1376517
5801174
5979179
4796930
5772372
339171
1871777
3198083
3517331
5825716
1378212
4651834
8232300
6833412
4882393
4320039
1353801
140732
2757264
4293387
5867771
2219314
157563
6404967
8971311
5922464
533282
2693300
5647580
2569942
4642662
8742725
2454001
1849813
1329854
8683816
8647607
4167130
553027
3367982
3816636
1487598
6270461
4306484
3821850
1835693
9900800
2707222
6933439
5495316
1657551
2256678
1736177
4575394
1208604
1191834
2327179
1852412
4874322
1584818
23854
3583918
2920223
3129467
6219238
9185449
2569025
227677
5172323
3410475
1773061
7554497
9638588
1367334
7538731
5162990
1878582
2833155
1653498
53313
293168
9371381
3413201
4192494
5950409
7326666
1128431
1222700
1834479
4868085
2885074
2612615
460398
1883434
4127784
6565255
3238466
1744217
2360030
3664605
1616896
2343754
228309
2696152
2681439
7131509
128273
2814089
4336642
151159
168653
6609564
5479810
1207243
3924792
4531916
3549027
1376560
1637963
1735646
6138234
7282557
2170448
5379072
1306462
1237137
1747146
1871106
3265694
644174
1152441
2446321
9174511
1214086
4794074
5256046
836100
1277202
3412941
163694
2660976
114383
12064
1358130
9621080
2807894
1980368
8385974
2858191
1178074
1103031
1697027
5488568
3349591
2260580
3785609
1522947
8529378
439310
4790478
1111429
5914201
8718032
2642524
4810675
1873782
162342
7756476
1754952
6575979
4304359
1374143
1388032
6591638
2271556
1278263
1693783
1594702
5431426
2961593
3855922
1350871
7478120
6977111
2981721
2114809
157338
1299868
2949237
7125570
1544073
6796666
9522330
7371974
1583660
5853739
3128752
3180184
4447183
770627
2182632
3696210
160184
3392238
1317493
1297868
9817291
2625403
8625441
9525319
2602773
3316858
399250
4227486
2768953
3503908
6678443
4848705
28483
88293
1266246
1673630
7381818
4215202
5896906
4437133
7456205
2162366
1354526
2670427
2340063
1367749
1200541
9991402
6882720
1556979
6945825
1448138
5533963
2328490
351080
4991284
2923215
1464721
1185048
2687330
1606521
9480948
7934810
2454431
6528579
1514696
2847225
1117974
2202884
3202137
1419236
5855841
1594998
6232790
1442225
1830837
2385961
5657712
540788
1359483
1498222
7141232
3399172
2611130
3776498
2243856
7275490
4898818
2765330
1223356
3860341
9770215
2817543
3120427
454435
283548
4184617
7818185
6175189
2554137
9858576
51642
1246813
9698011
1529711
2377847
4902847
2736479
7720010
2535126
1358614
176030
5566512
2760446
1152003
4736607
5165916
1195631
1884536
1306227
6338916
2105566
2353783
7111776
1797933
1243473
3431879
5948665
3593630
1610316
489831
6651965
2982639
8561962
2235722
5330732
3851133
2229906
3571528
1913936
1611781
4845773
6890187
3947554
3528574
821372
3112360
1412366
3347448
8941419
815793
6439991
2994379
1559902
7165084
1394151
2112477
2611981
1805280
5522718
8533304
6532191
2794465
3966085
3364428
2560855
5941159
2138841
2333673
5914039
2467906
3604695
8823086
4325989
1348269
2568596
2610317
275069
2205580
2805525
6361807
5965808
4831872
793337
1870248
2479451
5212321
124100
6243383
2305201
6374656
5586790
3827076
6374059
1243144
4368864
1945572
1287403
1153934
7985902
1121147
562256
2859090
9697284
9790822
2615376
2273539
8506491
161994
1301288
4624783
1762789
5382217
4731736
2388505
6519514
721225
2835508
1208769
2770411
316395
4608337
3933662
6699582
3882078
396650
1801350
4347780
9838478
2620107
1245979
1727239
8323855
2634688
2958125
1151682
1904297
1793417
2189476
1998609
1529417
327704
6372495
1901222
4818900
6347065
2775400
1706037
3298026
1431145
3925787
7309202
9648138
4728325
5613692
3828689
1534017
3394417
1397606
1593881
1895876
8509555
8520495
8750956
4360833
5517957
1188839
3655961
4114744
5344102
4764656
2543107
2416508
7489812
158855
6283098
649145
1615978
313256
1329461
2746569
7328131
1469641
1699769
7213782
2572111
5345445
8393010
5561383
194259
1718477
1843839
5328527
2458750
3196927
1784435
1971493
1598814
1698499
1764030
1534400
3281522
2781178
7869935
2104316
58201
1197106
4311269
9693762
9614807
661508
3122865
2336215
9659573
5854456
2750898
8554100
987148
283452
1415747
1154809
529963
1338525
2582641
1720840
8923634
3568787
8642312
5239867
6675090
2412537
3931425
1572015
1170918
1858856
2464685
2207979
6464309
2442985
6135790
9541052
5373341
1548220
5951290
2445392
2526081
415683
224439
777452
2609091
2430910
7564727
928510
585535
1727535
1857056
8968104
1855766
3754027
1509337
251050
4631508
2952222
6193190
3211562
3930935
4710954
1762075
1584267
3827825
3652115
1661700
1130684
5943746
4738010
3577742
4974851
9149738
1553272
391826
5310907
6673572
4876638
4821057
886825
1717922
1583721
1858908
1401951
9564094
1392216
1380094
298563
2567111
4918716
4727323
1829414
1256113
1235474
197201
2724921
520407
2967861
4260624
6791405
8666101
2839822
2401744
8661747
4382435
633135
4731266
6200474
7579757
3258751
3265404
2844606
1765301
9559779
3740887
1838470
283987
4519427
1488891
196517
1274204
2457007
384442
1462834
3302528
4334868
3635294
4365861
4874099
230679
4470234
4422765
1561961
2936422
49864
8361934
1830883
4352189
2428933
7292565
395352
1869716
5927849
140915
7783779
2978174
7854001
4982869
4510771
8155498
1757044
7715311
4424495
3866192
2911896
1849430
6885853
2659494
6852902
1654910
454088
1793872
538433
2579323
2482668
3542900
8523898
556017
2319091
3262015
1349232
1974266
8735620
1699104
6933837
3137815
1822344
1211857
9956133
8339697
3895334
7997518
4884656
11880
4314462
5393480
2914715
2367224
6747340
1387397
1988382
1570036
1301880
1521329
5244941
4728721
2105862
1229975
1640772
1512802
9342245
1723619
1844762
1564781
3397814
179564
8633620
6815176
1126858
2611780
927898
1492323
2257642
5287826
4502882
2469337
1196831
7235340
3126109
2338978
2846813
536256
197975
3236357
5190612
3797337
1762847
1880917
494993
1506339
3767375
3846251
5854101
476124
5677343
5599538
1297978
210254
4817459
7451548
1975102
1325240
2883544
4778783
7100972
2365020
2567181
4643052
2667353
2256085
6818329
7276978
4109654
1111038
1288075
3359895
1615394
1581542
186415
8711081
2785267
1305737
1127468
1595781
2863718
256929
4751586
1372622
3614506
3298487
2484552
2882838
21094
2779033
1994956
2276521
3597076
3198344
3521385
2664265
3903192
1732951
1877895
2317335
9359704
8876956
3225458
1391879
14473
1257655
3901236
334058
1646983
5990518
4690248
2672979
1475132
3493758
4604104
2591618
1753122
2150465
1478718
2434539
1475847
7715375
1218938
1973229
6789527
3478436
6397742
1236799
5362119
1922068
2568886
168873
5830844
6231761
1360065
592408
3548706
4737870
1649954
1841945
1890930
1470092
8874
2191077
3365149
1154093
6400407
4346115
3357046
2206398
2482965
120269
3250726
3163367
8433264
1801435
42307
1125720
2195894
2144553
2149949
1944551
1105883
9261662
3264166
1967161
1743122
9830085
3158123
3642620
5364075
1874935
7353258
2406846
2210710
3613295
4482542
2401422
244307
1552136
4306479
7816479
3649207
2586146
4290130
540604
1656081
428310
2544226
792972
1642579
6923502
7747909
1915001
376361
3317898
3476734
2307170
7507170
1892663
6157298
3284529
1173464
1349228
3606666
996790
2233325
22252
1500980
4483916
1573778
8631039
5272538
1251536
2901853
2813587
2934952
8139592
2872288
2548982
7518877
2179074
3643522
7621355
9972597
1141044
2290186
1115600
3361327
4197426
4726273
1101220
1963368
8406563
2173526
673478
1772780
176533
1702705
843187
3289115
1100839
1237208
9485633
6477633
1153735
7280501
8627031
4466195
1818474
1458572
3803847
491975
3881360
9447704
1434526
165520
8522992
6111421
1718565
4687752
4540501
4578861
1822928
1214763
1138751
4919602
2159841
1576364
9513423
6653297
491902
3303752
217226
1688063
1459269
6703293
2879534
1780916
6297008
1270029
3446292
1492606
3560630
5735060
5801438
484340
8462462
1953234
1717128
1369765
1666643
1141946
5786531
7266468
5726644
7891179
4361345
3769419
1692029
6995108
3710216
3804841
2290587
4787048
3710964
3160679
5830043
5308677
2491865
1407558
5220835
2603547
1462003
3813232
2576968
11249
1157451
2267923
2330359
8118444
3699661
4907467
1237709
1318633
4488917
2615376
6715714
17142
5887126
2520418
2196675
9756378
113647
5485274
5772696
295161
2216286
1654909
6757244
3141148
6383141
4834619
8223397
1213863
7630150
1992570
3154040
1655606
1382064
3116007
394212
1623667
1433946
3640028
4263368
1378258
4854468
1482070
133538
2829995
2312918
6837873
1918003
8849006
4879883
1937387
4264912
8954007
1113530
3370035
4215657
8240838
1766587
1471708
3348760
1995969
4165324
6679091
2669058
257875
8624415
5129137
68242
3885871
1230447
4202698
3944598
3204847
1537612
1263642
364794
8982043
2282823
1767584
1380328
4820665
2401148
164732
1334412
1255104
3518146
5799194
9593249
1859864
1838372
3533554
1433967
2537979
121879
1581619
3895525
1519537
5181022
1812435
2217454
1258548
278073
8327271
2504389
146958
2560028
2164719
4986145
3853092
1998074
1413908
5851029
4216373
9106755
1377115
2578940
5841116
8967416
8260193
1771684
2129290
3679513
2387652
5676750
1706338
2191397
831992
1789966
387143
9505221
6610399
1809643
6192202
1387864
1257002
2246956
4320634
115033
478412
2764221
1472541
1497151
1829789
3154084
8682248
1748421
3591001
1822807
2864518
5570081
7761895
240245
9328533
4167626
4734105
4447838
1318431
5376366
6779852
4535405
6738616
1746899
1690825
5572348
6448334
1523855
2848680
1949314
1162747
3497612
3307662
5273494
1442448
7976295
2421179
2297475
173567
8296010
7514450
6843690
8229282
7516602
3502847
4306564
2798815
1940829
2672359
5737115
5100772
4499688
2202518
5677767
3668810
6875180
4978404
795048
1778367
1519687
654375
8547183
630323
5702331
2465980
3122535
2137840
1135516
1951957
638919
3532411
1376539
2759839
1490174
1112032
2168167
2367338
1888816
7544332
5323117
4400052
433278
7653897
219127
2407067
4162331
1860492
7635203
28643
4977343
4588370
1597996
4977710
4403436
1398738
392715
3339504
2228410
4642045
5658256
5242900
262644
2822757
935174
7123989
4485396
3437807
1716114
1898264
734753
8949220
8679704
4320835
4539207
1666671
1904335
1324514
159064
3156894
928940
1274536
1640565
4531850
3785722
2932613
4531980
9374039
4549282
8415339
559931
1174969
1413402
9835328
3817476
4646322
2154378
136460
9688974
1820868
3970406
8209351
1172350
2680876
4686880
5282004
1963538
7425742
6188535
7612703
2314385
1247950
383933
1405499
4592678
2293409
6484214
1529810
1698209
6530302
2280371
3886381
2793044
3235091
1172812
1505958
7121083
4520423
1120396
3846789
476345
562816
8869548
110477
2282903
1387448
282672
2888131
2652552
3900461
1878491
3148398
2123154
2953126
5937647
8549674
1537277
3763481
1348066
3595860
3947694
1503732
6627265
5263201
9639305
8358052
2623487
7752509
1396527
2251772
1830420
2972159
5832604
728743
1965522
7623499
120732
1826708
2351981
1633430
2143906
2807780
7559254
2170989
2534916
4261141
1311613
1683020
2652923
531959
1940303
5688689
2385190
9214906
159495
1143395
3250549
1452309
1818065
2318459
6377674
4201486
1891787
2794857
1346883
4407059
1954824
7394382
8137345
4495000
7948278
7853314
2713026
1413771
6929433
2774187
8976799
3614352
5951984
3234563
1993978
5335173
7444957
868901
1407076
2913994
6585756
6328204
2351521
1441373
32618
3502956
327607
1157484
6373586
4572526
1973394
2603436
1536642
2206205
4268604
3136753
2781231
2584787
2696044
913394
8987247
6479979
5151605
3992394
1801484
1328518
1727693
4656124
7957667
5483666
1415793
2708310
1663103
4400770
3810413
3925300
1708134
1153331
1765549
3314516
6292371
6258689
1549999
1657631
265677
1813132
3353846
3581835
3419415
1509588
122494
1953199
6129380
1696646
1182291
2529357
3106302
1220302
4270847
6628533
2466025
1682391
3228424
2784899
1722074
3189607
1113004
1193437
1633107
6201144
1436955
1667054
2540293
9177627
3728436
1379871
1526092
3461010
1834379
7594745
1249799
1276993
5879012
1109305
1105823
350787
2792771
4841343
1489384
2914572
5739256
1908310
3570164
1915923
1486497
655382
3225589
5594614
8536122
1981946
1426554
2881960
17455
2987986
2721246
1905359
4981684
8229119
915016
5145124
1538464
1444908
1663144
2249664
3272360
9431829
171529
1644879
1745563
1968443
1564335
1859435
9705115
1776166
2835659
2750537
6472913
3248462
4640174
2191999
541374
1463067
2451869
2417689
5489877
1867245
3891857
2975835
1915242
2788885
4138082
1452314
2783445
1346480
6601816
1159507
6933936
270883
2682353
9930983
9294592
347615
6699285
2452098
4535566
146580
4219944
5496775
2766653
6921054
5454180
1479519
1702093
3211414
9571856
8147453
2711399
3540809
2292585
4681083
1346455
2905761
1504904
2903185
1544697
1197725
2143181
1309730
1245528
5736611
1751099
4297165
1943329
2272826
816188
1904240
3806462
1824872
