3258245
1895755
8258097
1921650
3981536
3163961
1347074
8138042
3629731
3442338
1955108
2952724
1106083
221961
1629625
6699499
1137745
1525621
6949453
3915618
2204200
3522040
4426234
1103547
8998494
2979523
1245635
7475161
2361338
1166361
3917209
2179301
543762
3201852
8730959
1811593
148095
4772333
4149366
4664540
1903648
5439522
2743091
2856738
1689789
923824
1595549
5376858
56882
9140137
2513731
4781409
4993733
2716811
2838242
5162977
386744
1657894
9778666
1967174
8269497
447148
3356132
1103418
4350583
6179360
1286552
1177422
9363523
7125774
1501115
951784
6873672
274533
1782998
5635096
4476093
2422467
1774897
1959564
2613495
2254687
2581580
8288142
288853
2571632
3875762
2623798
1800115
184657
1483175
1794553
2158136
2356476
153136
276954
4195792
3647218
4306267
5721991
1894793
6273041
4858709
5645489
8596558
1324367
1287679
240658
2465620
4273985
7843488
1494652
1287792
1999489
272858
1204839
3108185
8301203
1300272
2986420
3266757
2697643
5220331
7621510
2901721
1674456
4629063
3939713
2605939
5537688
3255532
3943344
4984837
3178542
1103590
475474
2378610
2861047
1210406
1840272
3199747
1534346
3717814
3190327
1352595
3164031
1372499
3805364
1680555
6588568
7338776
871362
733701
6249406
9223524
6764033
7506430
1259811
2564469
3846842
8458899
4329878
9611833
3703623
1794493
3544000
2565517
5642394
2869975
3656664
190787
5744346
1348241
9367572
1947441
6641475
3424078
1113088
9483794
2958663
3312590
53379
1841648
2368437
5471854
8830976
574602
2764314
2204640
9611788
764742
3657854
3314219
2346644
3886411
2724381
5842722
1455604
1628753
4382765
1151957
4483041
3478441
2429669
1782772
1521200
8359952
1207663
2912430
1409019
1989341
1327547
2806905
3457207
2928218
985684
7916142
8789467
1462123
2829897
2808183
170114
7118798
4736840
6413710
3788177
1390141
1105151
4332822
7713031
180777
2269432
3843062
8239360
4190677
4374294
5564716
8176199
1233471
1220599
6265045
3410989
5828429
2103843
657913
7101722
974162
9306726
1791740
1518216
3450853
6713889
2989867
9217215
338373
5135714
3328692
7128698
1886267
298318
5146374
1932772
1853458
459514
2265622
1775582
2483980
4165239
2201262
1262237
3108706
3108654
1765692
6359131
4980539
228050
1182277
2611247
7295354
3982528
2259023
2491202
3429169
6418291
2173049
1131647
4917631
4824134
3376650
9358837
4597160
9608332
2132715
8193456
2295946
4208394
5499806
488494
2358175
3124655
4759609
1565788
2241073
1407580
1702971
8429871
710343
1555026
1431757
1693645
7898589
1362399
2906398
6651706
3510204
2594626
7799315
4270640
8684317
4330620
2669474
1852436
1703207
2584143
2621710
3404198
3801641
4285357
181188
1464829
2270041
2902225
7692098
1543245
5157186
587962
2849079
9530245
5263228
6161017
1552363
3755902
297285
5806191
7181422
9850036
1743784
6635531
293234
2335347
1638409
1584188
4886562
2660333
8127539
7955958
4465889
173940
1451515
1803007
1294691
6338440
5839357
1164911
5470353
3255112
6242700
7259314
4755074
3253415
5604798
1752818
150618
3781996
3528314
4547833
2912681
2631608
1338773
355067
2934367
1439442
436613
2595802
2100204
280220
6497890
1587853
6396522
1847222
1896317
1835680
3475009
5384298
4333383
2249395
9426081
1784552
3442532
1387185
3262067
2498208
1816829
1713198
2473827
6678386
4992603
3369930
1215432
2831972
2497372
6127358
844768
6239649
232009
2451333
5375720
4279607
1312650
2934586
5139445
3372794
5994576
248390
1990194
6213662
2530589
2184844
1377719
178816
4803883
5439837
1768227
2706929
2562453
8275154
9283660
8117700
2421124
8776013
4398567
3114995
2324445
1107086
3770323
8718570
1518382
220062
1720375
4909472
5958665
3392099
5473297
2496646
4113969
3373042
1368786
4116574
6778232
3285165
1465013
1270875
934758
4556211
6977375
5364168
3570240
1172626
2581944
697465
6848394
6270665
4802988
8884239
2582844
121784
5348126
866983
191784
3781984
2878050
1927269
110974
6561393
969628
6710075
9123109
889126
1944746
3857958
9586843
1847378
3573097
1277562
8856840
1574105
3510754
4311801
4703612
7994744
8360413
4440902
3673508
2813421
1577469
2944491
1150203
6247592
1563622
8720884
7825171
8152962
5416190
1450961
7671675
2402973
3748437
4612074
7714310
3149772
3675977
1184966
1934350
4343846
2762233
1298537
2898544
3187973
2705272
278894
1392366
1518723
1600430
6493853
8834365
8530581
7170664
5799641
1598375
3137334
4147790
3192077
3773514
1896436
1749082
2690507
1879854
3623477
360172
1331984
5276476
5683388
131621
3179542
1164110
2661830
6891579
4543990
1336982
1691592
3465567
2336694
5107005
31372
1814028
2944256
386815
2228321
6350203
631719
1411613
5889603
981887
8915392
2692389
2134589
425446
1193529
3556339
4590378
1482981
6235607
5269379
1361665
1824025
6260549
1645554
3517016
2317881
1982431
2209276
8992077
3506445
4284070
2722231
2809721
7409008
2167393
2381757
2853150
6853167
1944495
3571305
1343012
164030
1121727
3508148
1690398
1178233
1457983
3692842
133464
6608539
2620175
1528206
2508824
2273574
1412815
5976608
1378158
3941570
1578924
4959102
2857446
1685150
1718103
9946703
7534778
2232491
2355012
2980800
1502618
3127490
696907
1111115
5742733
1766198
6626049
7246739
4673590
6552871
2498430
6601092
5981040
1304600
7323604
1108477
3428954
369597
3767430
1578503
5392234
7575111
6396171
5330951
5171136
5970036
1755100
7930382
2642263
2428368
277898
6847543
187540
4743920
1544345
1418794
1624028
1119948
4411120
3919448
4363831
4952449
5961630
5204585
8897067
9534931
9543965
1868190
8794710
2388947
9486371
4281502
3838524
1196943
164575
4883631
2938170
6819339
2703388
8263389
6689175
1741214
3956606
1756473
2676699
8963808
2482641
7338070
12983
1149148
1880250
4707186
1842085
4608119
2317958
3221581
9410168
2331868
5878593
2559977
2326240
1567333
1941455
8904430
2807318
72258
7168379
277449
3244021
1330810
2115640
2658962
3477482
4466787
2129768
5833692
747628
4883699
6103462
1214529
1533579
1188495
686659
7820035
9924098
48835
1892127
1747865
2565130
7134709
2582187
2830760
4493199
4848619
9629575
3725787
236628
8779698
1103722
6331897
1998627
3264920
1113347
1133961
4537579
7399119
1452201
4564759
777304
1878495
3654566
8624380
1677611
7622494
1904489
1502929
2826066
990655
1443162
414041
1741226
1800188
1790888
7215616
6182815
2162711
2531717
3369429
9965286
1960607
9937340
2424312
1112534
839609
1214258
9657440
156812
7685688
4542537
3626291
9178553
3688767
1213800
3690732
4822516
2669272
5276778
1133192
1762898
162544
8673798
8683065
2171090
3751513
6395765
1262209
8531425
1519845
314584
3635081
6218565
4754000
4313187
5581806
196076
1178100
1261238
7353284
430698
2589091
6443581
2826554
1545447
47549
6481452
3967771
2765004
4969155
1138914
713891
6714588
367668
4687073
2605644
27597
2365292
3256719
6837561
2320862
1100087
7381018
8344371
2893667
1701097
6461835
8770560
1468838
4987293
3893944
9198673
4265153
3851954
3472196
2605153
2778901
5882039
9115577
1763510
1178581
9904188
2777444
1441577
1598803
3389401
2647743
2348266
5373813
1416974
3445372
8629349
1803699
3602222
1976195
1402492
1178821
2229193
8514031
2839517
2501720
8875564
1947193
4628744
7191930
3956239
3424832
1157649
1240923
1902519
682775
3304966
185159
1637075
8641229
4561791
3544675
4642284
1316354
456898
7647647
166117
3678957
437286
3534433
4112676
1618409
1757994
5651641
8583967
1158106
8783275
8451035
1811795
2279388
8731108
8193051
1568803
1155576
2744563
2379741
9960523
3531934
4374899
6348444
6643641
1969712
1160317
1792947
694251
3489671
9283838
4654922
1587289
6650227
1749538
3543688
7897161
5281943
9138349
399448
148090
3429807
6311608
1590042
9185695
7505112
1499773
191158
1514549
7612388
2925042
1113418
238261
7918544
2621989
2679056
482997
7222118
9103841
1789014
1263059
4817735
1338951
5805202
6108429
5438358
2506029
5779817
5894145
4674595
1342431
4428005
1648266
169824
8373102
1191393
2688870
4586232
4582404
1767442
4477400
6678331
3955792
1887561
4116992
9491016
2472549
2998229
2146139
1588005
5259392
176947
2571698
141027
1655060
3657460
366298
2175921
1814367
33838
7537697
2459022
1184636
2610197
1712647
1446893
9951651
1704863
6587160
1827122
6350896
129933
1920791
8126506
1154138
6436723
4143848
1176852
2624954
1185283
271200
2795735
4734552
1435702
1399358
8113120
6608774
3445225
7860118
4385649
196810
2254819
1612512
2570646
3633586
1401733
9146794
4435878
3511166
229420
8557948
5607015
3918746
8216440
3779850
1411017
283106
335541
2845517
8560725
2919210
4701829
4403689
3117778
4250797
9162168
4370961
2720489
6380966
737136
1551519
9866728
6838702
1467312
8191503
1500206
1384765
1942006
6543429
8639724
2766699
3829251
3816
4200744
1305109
2962861
9484208
4526527
1138716
1431277
2412692
1844152
1266972
1428330
1909657
1975627
5503291
4394757
1296444
1861485
5412872
354489
4369241
7911698
1292209
4852709
5596299
1180715
5947610
66716
1365062
2695733
1335066
346026
5814358
2215753
2382028
2534797
3988118
3194420
1283560
4596543
6737467
7927997
1146479
1853825
1708296
1168301
879806
2520201
1260275
1735294
1294792
2928690
1235699
1548550
5142732
1196795
4413638
1839559
3657787
3689857
91007
2669170
7690221
1836195
2353262
2482854
3903551
2400734
1436837
1862370
869894
5796392
1111989
1384927
1476448
5597756
1277779
5160813
1475837
6223567
1488410
2297749
1679594
1778985
3153727
2461695
9182254
3409475
1756098
6565435
5346815
2786793
1782273
135280
8703242
17108
2609225
2795086
3752250
1135162
4693921
1327985
8669242
1713303
7812247
3865249
1517374
1355554
5870833
2389124
1133220
76940
848035
1376309
4739441
1401271
488033
1911510
4324793
2921178
1746302
1817024
1187503
9327664
1472907
1252402
1180602
9373358
1735915
759216
2532362
3446134
1373133
3426801
34251
3537589
1881314
4506302
1569284
4195749
197215
2804467
1774687
1336530
5349406
3280343
8847471
1105041
7228323
2420283
9330376
494199
1278008
148986
2873219
7966324
1506493
3860620
8743534
7456557
3428752
1574396
3893293
3900911
7678
4979961
6344960
243439
1893821
3729735
3976185
3723632
5163626
3334110
1234314
147439
4234724
481107
1569423
2361933
3345319
1621907
1831165
1191722
5781249
3276323
8435945
6942345
4103759
4825488
5258444
1418526
1819354
8388761
2654872
3308392
3368040
1746858
1189922
3558345
8705401
1624590
214379
4109595
7195008
360026
2286714
3546155
1795939
6487057
4239694
2711359
2613043
6186036
5929495
938600
5647363
1962406
5891092
8469020
2825472
336371
2382885
1241674
375338
2642984
8187026
399858
5396762
5425491
1184693
2435875
2811971
6868682
1650780
1668890
4238934
1995699
1132492
5885203
2232740
3405555
8999176
3432558
6139641
4499748
7335160
444283
4251115
181671
596136
8345061
2432514
1950814
1589951
6162763
7254193
2827158
1806506
1619716
3219214
1136928
1295952
1137669
1310988
2394774
1229740
1603186
6633524
3822852
333843
4323692
3459522
7383230
9123187
1450543
9994994
6501874
8110198
3826615
7744671
2627167
736
2628220
9614634
6297085
1411966
4757495
3935452
3346873
1590303
1852531
7357469
2631686
4640138
658263
3985802
4402209
431761
8479143
5159341
3556128
1368829
5359208
2637804
1907094
1467639
1340143
3322320
2492894
5756878
231443
7404029
1336680
2649986
6830747
1163129
1530582
1773666
7155099
5219920
1359655
2825200
4431531
1726023
5165142
2217922
130383
9973914
8480591
2362737
3358963
6136399
3185241
6782597
295151
2836804
1107588
1745669
3720762
2577921
6331955
9384867
483712
3151733
1696950
1655539
1614400
2568209
2832867
5990949
6369421
2875044
7211784
1798335
1455328
9913378
1670903
1189974
1602433
5464055
4960229
1779588
2786543
1268397
3300084
9879986
2244243
2241807
2530371
5502105
8927632
1425164
1402618
8849608
4780225
4344202
5997806
2194831
6929226
1620710
1173512
1530739
1633738
3409540
1762552
2604343
4559509
2780438
1442644
1925543
2228105
674974
3373261
6817449
1567407
2148905
4884441
2575610
1363213
120564
1913558
821293
8103662
2424203
2502748
6137958
3482870
1399484
4915793
1389939
9754663
122637
2707177
1613825
562147
6334224
36048
1543078
4842759
5171824
2471825
1756856
1292623
316732
3846099
2807861
1336378
3754212
1605682
2896187
2271108
8263541
6251230
160183
1111266
9808266
493005
6836288
1698450
9828107
2342227
4153093
3141635
3786959
8611384
1891648
2928378
5846401
3359266
8771772
2794719
4416700
2377598
7689590
6839157
258439
1361777
1406785
7160359
352588
6331014
1386881
1944872
6650461
5762740
4426
3176311
7749559
1114374
2726817
8947500
3873709
1845121
1782714
5768336
5800123
1192269
3758498
9592435
5117628
3854453
1664110
2486032
3324899
8210296
1119120
6375372
655841
2803971
2787028
1318407
5255582
1570414
3823826
1191818
1200926
6842971
4564136
3412775
1466591
7286648
2779069
4109023
1747948
233653
2313420
877337
8499952
6586051
3347532
2376689
1947869
5108295
1563353
4492236
1920580
3420801
6973771
2848036
4706466
4446321
1747878
446928
2353955
419507
1816353
3397537
6270879
468711
1271544
1267203
4982392
7651636
4116336
3946830
2866366
7354257
5431440
4491808
2757770
116261
2283140
4221570
3687451
8907608
1997163
3597488
1124502
848768
4524382
2397442
7719183
1464374
7116640
3790864
4885013
1940249
3366256
3523089
3159806
1205440
8713921
2634329
3768108
4916208
1974409
3993166
3507081
1649218
925929
8273855
1321781
2756123
3819900
335330
8120486
6892835
2346456
4117665
2455402
2717599
8380776
6621078
2908040
2749690
1381422
2314670
1522150
6636937
2260345
4963597
286095
5555487
4714350
5933980
5189371
789742
9297780
3289912
8876630
5769871
3270658
265087
1740577
1294154
5842160
7635473
3725183
6236070
2631943
1697154
1263498
9849122
5769855
1771144
3756022
1280052
2758780
164871
257408
5577439
3566917
219717
5314919
4559276
8671656
1724805
2294692
4902395
4936436
1940583
3789215
1686702
7159725
6268428
7104416
1768655
1908488
1717745
3337948
311639
7921801
3575744
231360
5730598
4362015
4457721
2104660
2617085
9492861
2667951
1437282
4927090
3521782
1669642
1246578
6904459
181559
5992130
1261679
8697155
4155155
4269788
1918808
4564241
2452104
1261180
9509991
2325175
4593455
5124549
7116137
5191368
5338196
1416474
1650192
1348991
1342687
2116384
1216453
7877200
2270902
7237878
548352
5682116
57111
5364889
855414
2707854
145503
1651273
1498417
6114383
4972740
5803976
1373907
1727270
2723784
65829
6317700
1430909
4898125
4764696
117824
5414024
1865242
43751
1230230
9698458
7279380
3236550
2601020
3487708
3921379
2540594
2227195
194077
5877769
8664246
1738562
1806859
1570171
1218217
6673710
3842155
2878800
5221936
1691215
1776875
2916150
5188603
8589751
2941794
1878874
4785708
2955584
4952936
2185843
3728690
2394761
137484
3304749
6265818
7394310
2383385
2134034
2430245
2427464
7311511
5393639
2978436
7537822
4644195
5128919
2300132
8215858
160515
3891047
2188263
1167663
9976810
2734775
8557105
2344005
1859262
5756720
1794544
585324
5290299
56010
9514289
175474
1196104
2395767
4749098
1687009
1564590
5602577
689106
3293602
1116334
1109063
467566
8511031
2604272
9983294
284679
977062
7727844
3572278
1172623
8752617
2541482
139888
1918072
4943835
1708864
1599315
1503912
3317697
2898705
5336406
562544
1150973
5186140
5937390
2576855
2274020
1956924
797675
1923566
2585995
1275166
1932982
138670
3932100
1578625
2881515
642618
3481110
112956
7499920
913333
1560808
936206
1320446
7530106
2637810
2497212
1469339
3402485
1690688
9644975
5322455
1721446
6110682
1665836
1899689
1904826
1233148
8491922
5819563
1583248
7463067
3777911
8264000
4220732
7235040
1675595
1903309
1596892
5143272
4451705
2924308
6861429
653639
2675332
42546
2903599
7853859
4802979
1169701
765081
524979
2628351
1780939
1613066
1744277
2233170
5242260
15976
3187106
2284034
3730684
2678512
2786896
189750
346578
5999995
5340510
5657214
1852959
5303007
7134140
5924772
8620301
3288264
599836
28986
344477
591473
1966278
1468551
123590
2443983
1730374
5827771
8766161
1425192
763217
8952178
1480391
2327368
2487311
3242780
1711009
319635
1823706
2721946
2841573
8976473
4183898
1883169
2736948
120842
2564460
5220266
2579986
3860178
3368054
2860630
1391380
3960765
2400115
760923
1222325
9651547
754089
2463626
1560885
1399556
6917178
4750410
1663019
5240055
4429227
2202079
3411627
1221029
7661910
7133411
1536747
2504047
5901391
1698606
2667478
2910126
1460377
1453741
1340210
1550160
4175111
5441053
4323454
4351188
6876821
9924713
2701979
7550969
2625189
5533449
340982
133384
9895434
1555873
239871
2924980
1343910
7583741
1685028
387839
1130967
2183731
1220078
14511
2499570
6228451
8285347
234360
1947085
4950813
1794893
1454183
8639141
1764793
1193445
2199659
5252442
2310770
1407171
364668
2108539
1606400
8646943
8634314
4617779
2803534
4818261
3633883
5587170
2564204
1477919
1346449
7808691
9677228
9773854
7853352
2667902
1895081
2889255
1872235
1354417
9237958
1824345
1646820
3203409
1188983
1670896
1774077
2888945
3294948
3723045
193362
6939181
3914599
129186
5554003
229125
2241186
1811030
1403136
2433353
5578426
9457219
392590
6728891
327480
5926752
1277634
6574749
6870027
3183205
3853407
1486348
5167824
1207897
8237883
6512185
1603792
2635677
1364527
1972779
2391343
1515084
3307174
1514035
8404960
1844966
3193009
1358260
6530499
463191
4189313
1103657
3519832
5384171
4372970
1977772
7707591
9171069
1518550
1739813
6522419
4768217
4195779
2337950
1844014
482820
1738430
5764998
1168043
1216438
26273
5722312
2909003
3986420
136970
133950
9599317
8342161
1491127
6756043
21967
4386511
5234856
1513115
1159808
4548029
3687749
4867898
1162340
1364504
1742278
361898
1101696
7180931
2686564
1818586
8425092
5581427
5823458
1701185
2306629
7426478
4713120
1730633
1101641
8993624
2887994
2756422
7178112
4385580
2302697
4995083
5344588
2161273
1220128
4204657
1236670
4607165
7534133
2526137
2921450
7560097
5272313
1770026
3651926
3717404
1814204
1973326
1480591
5570465
7201988
2741345
6770509
133657
1909577
3790539
3236414
2705754
6303434
6533775
1786147
996058
2756142
376925
5961579
3478445
2372456
2373867
2477325
4885221
2742228
8867756
340492
4612570
3540676
5137900
3998927
341035
1441624
7114713
4545772
8929071
1997367
3693894
2852104
1275276
6924814
2561426
1158926
5297175
2122257
43919
2405612
526316
8831012
4111299
1290744
8856142
4681786
6678562
178003
3378890
3975191
1568539
7654606
1297470
4100800
7986366
5538626
2883537
1590900
2898623
1419766
4179933
1624617
5933971
1424200
1787711
5498290
7621337
7321874
7860925
1515742
1540533
5850087
199351
4823048
621278
4251032
2684604
1110730
9858863
4817821
2937786
8477325
2522568
5493708
1940037
1657838
1292262
1581066
1832092
1586975
1808492
1740703
6964433
7632081
6100918
146094
1527525
4620022
7313441
134158
170381
131587
1201326
4401460
1428860
5686959
1603008
6675861
4764103
1676558
1416177
2886744
5441499
7475363
1718004
3522381
2395047
2553032
6723915
6373345
3205916
1519916
8959236
5861491
8853353
35627
7555961
120848
7180219
3537857
9980032
1254653
1188389
1875525
5554627
6759261
2486156
1200996
5828903
3977247
1488237
2611098
2948164
1374307
3970388
4926199
3557728
3264906
3534917
1968812
7541604
4237058
3834937
4960712
2318052
5732603
1523321
613642
1827122
3376198
2147074
7512038
1710597
4993733
6340447
4227466
3408505
4161598
142637
2206328
1827143
5996013
3751552
5471374
1725029
879387
1470333
1300826
3768989
2442627
7296431
1892812
3272272
7441152
7467073
9537104
1368064
3620358
8800067
1851070
8916745
1373748
1554964
2993646
2235285
2879754
2365685
6176899
1878513
2364704
1921263
4278800
2392851
832894
1372836
6672022
1959231
4257277
2854808
1484440
3132108
9596743
8352687
2109863
1442991
9267331
6188008
2528136
2193863
3871926
7811495
4857408
1228814
1431361
6927851
7570046
3410786
5406729
1211616
3571904
4187604
2578263
1439756
3993591
4635485
4502328
9777427
3148568
2268088
6175732
7525736
2313025
2200958
2184239
7340927
1764227
7655326
1327112
1205416
2989100
3158236
1441044
55736
4722206
8688768
12504
4316746
3668636
7543744
3839331
8220876
285851
9591379
1463242
2687497
228248
5424634
5723073
194387
2105074
1131321
1172884
3248279
3859223
1631813
7275145
570688
2312562
2562906
1558619
2783818
5298074
1955755
5406997
1385609
1198568
3352464
3619709
1651406
1325163
1514458
1736735
4809472
7982475
8448409
3904114
5304088
5548465
1705410
7798964
11005
1647507
4255935
1318972
8242187
3216313
592340
3628928
2225173
2814116
3183795
5446590
4898893
1848574
3610832
1825766
7814566
4589764
5752390
3105054
15271
2310948
2648461
1292378
1498643
6992182
3857277
166511
1516136
1172105
1597614
5133182
1815911
2883256
4271151
3520370
1946388
1969774
1760002
7949050
2196519
3973952
1996369
5115610
4782868
1462709
2660823
1270096
2206894
525776
2815003
2198812
3828258
9175180
1759061
9407963
4981508
1886509
8905652
1736368
8732432
5601857
2895946
5375303
9497516
1682204
3922430
7158092
1491545
7253389
6557838
226823
8438477
1892726
3782495
1408062
5145584
1171686
3993429
5642929
1462782
1786160
3554881
4189203
3865491
2150208
9543178
3530182
1178165
4917857
4305485
2601129
9305209
4551782
2387201
3695518
3280758
1595569
4662958
2389357
7594418
1270830
5680458
3361906
7806782
1618041
4536903
1809967
3217850
1912627
1452151
3762084
5103035
2573159
3505589
1449079
9935402
13936
1590706
1708423
833374
8520721
2698197
1504693
965918
610052
234713
1584740
6848424
7392062
3575125
4405289
3824169
7996399
5164967
5634241
5355699
1317886
2624357
361063
9599286
3481364
9209647
4513913
4859394
536947
1253107
1165040
8558931
2626914
3509604
8529462
8476357
186233
3397343
2719570
4379115
137339
2727076
1868019
1976620
5165543
1453836
925562
1328825
5702057
1663081
512909
1513368
6867834
1510727
925604
1619567
3139684
1847107
3707432
2622964
1367115
2789038
665080
3213863
2762372
2611850
3441377
2334128
564750
156906
1773246
2298206
1463019
3745636
2722724
310530
1162301
4433278
2479808
4555014
5916231
1777779
2801032
4251768
1224999
2633336
5257151
1974544
2983414
6315819
1913251
6910369
1985682
8921657
4847569
1164166
6964790
1495031
3204945
4388604
4457023
4267234
4487892
3956824
958025
3665869
2763133
1321784
1885275
989989
4398699
1442615
7944728
2968899
4114812
3713760
3764819
4591148
6858289
4369486
1192989
1313403
2237694
2652095
1217540
2641806
4324936
899095
3931005
1790001
2536900
4442557
4173
2298271
1638313
3687200
2461666
7284793
3797838
4451936
7816169
16775
1742648
2725427
1157821
2561254
4497871
286110
5306686
5670722
3582834
6773042
1834526
151911
4692490
867352
1100894
9369308
2600903
1992518
2734426
7416312
1178331
3677359
8199829
3682024
3307600
6363661
7211273
1440700
1922568
4193224
5660007
2973292
2586306
1837863
1755850
8594860
1142513
1715616
8121400
4577984
1292199
1177404
5992660
2397241
3131339
4480029
6436734
4344600
2852284
1296812
5635000
1639580
7559418
1397751
1562680
3539890
5477636
240899
2693871
1223157
4816117
1657531
1316778
1373584
3282347
6592906
1782991
7893125
2669258
5453463
9773062
1139557
3154984
4186457
6941719
1585180
9971560
3859707
2385186
4133029
721661
187047
8410393
1331684
2739694
1843903
1835018
7657131
4568450
5787017
3697445
4718687
1404517
1743061
3260066
4476300
2323598
4659975
4805372
4372981
1976965
8447793
24000
3196642
5612127
5863213
4187634
5419796
490431
3573406
4717398
5914025
248291
5286003
8782242
1894
2148222
1603722
2716749
2910849
4461561
3408291
3543700
6894818
2786748
1328196
1959867
5646325
7777861
2998796
6201967
1788636
8886676
1635936
1546955
6871543
4952350
5650021
1330737
1832943
631272
539411
8838319
4895193
4749560
1906144
1731924
4504944
6713201
1128028
4798498
2433025
5950906
292354
468713
2709651
1638215
1808614
4609921
9658910
1287821
5914919
2290907
1180715
1781420
4460713
1924243
2697997
1737980
1276098
9406861
1884051
7819484
6378603
5612619
1872201
8753848
3266522
3175202
4429878
3585715
1305996
6372111
1395520
5605942
1462036
1449771
4183228
2109999
1760050
3731223
2951239
1532411
1695986
289747
7915670
3386642
8734962
1466209
2569241
9690254
1643396
5278382
6203720
2574016
3252109
2756737
1516054
8136791
1224345
1707159
1529601
647277
2349880
1687412
9772150
1420663
7507934
2980757
4382882
85390
4533635
1582851
2706555
9838678
5569641
1403493
4933316
191428
1240813
7338882
1949957
1787046
1429281
1663194
2683765
3657261
4604342
7550069
2859100
6629985
6998298
4147358
8805773
8847955
2735715
145661
4154412
4314336
5461973
5132471
1240581
3310174
4320879
8779589
244466
1521374
8500764
4251016
399981
1350068
7519004
1497243
1434012
731392
2740778
2834847
1586536
223820
4248220
9762653
6116177
7880981
368965
1165913
596408
2930716
3822036
6101062
9681419
7281087
3280563
1566402
7868969
9440469
1855411
1669272
5948349
3426596
1676415
3227174
5462073
7468180
2177125
2418753
3742161
6492952
432501
8354692
1276124
7657705
1221588
1454114
4968586
4416888
1276470
2892359
1990203
3818600
1411711
3687529
1402805
12824
8380065
489883
3561642
2418495
3421078
778327
221804
7317773
6646342
1184537
3727712
395733
5235779
1848668
170066
971504
1430328
4184655
1960467
1420695
3995292
1362353
4221484
5102028
5143898
2807844
9488576
7433140
1199132
7311029
5455717
2475626
125633
3615677
6573957
2377752
8163193
9816479
3224545
2326752
4963232
5590857
233858
1539248
644697
4680452
3164752
5880923
5791919
2370566
1111563
1761875
7632993
76691
1240666
1118178
1101406
8647075
2784698
3517115
3363726
6421110
171003
8227232
1920270
5177134
5127207
1275533
2644742
1654259
3895473
1660692
2118596
1801408
1707667
174570
1132751
227673
3426627
6732688
6944262
7797029
5963292
7600439
9211831
4491736
1996724
2473786
2515870
2702016
4199927
199493
1725154
2197326
1807732
1189560
4308353
1575932
85885
1876062
2268346
3997048
1972178
5530498
1649803
263524
541093
7537281
2466937
1413611
9382689
4643737
7157997
4349142
18693
8855711
4532076
4301030
3279233
622809
1272719
6837268
8172494
65515
3640147
4592879
4803416
1454032
5865028
9610262
2639992
1770099
3215861
199607
1588562
1549126
111813
1551698
4928454
1368609
6194895
5352529
922753
3125113
7806892
1471084
4339366
4325115
1581257
1991112
8775054
6539932
1961480
8430197
1987649
6325733
5252893
178574
2964055
1495671
7527962
5656098
3125983
4899108
1823175
927562
1341116
4400162
2759432
449501
197210
8283298
138986
214697
989368
1126407
1232101
392270
6620635
276239
4691152
2688771
1438258
5941021
8576359
5606946
3494908
3854290
6848726
2942462
7186781
9780538
5904193
2162589
271580
3943830
2360250
7151317
7267729
5209326
9892361
4661389
3353706
8731465
1374096
747633
8523353
4259414
2350825
1456173
3869144
1564859
2265026
1220711
4290557
14536
4626647
6908962
9206581
6219194
4208043
1198233
455785
1490084
3629033
5519588
4640685
4167740
265200
1874359
1607057
3200065
2121271
6801207
4865395
222207
5371534
2519780
1301432
6156951
270450
142756
1749281
428254
3632324
8730744
8835118
1887397
111732
1581999
1687555
6287413
4614215
3653443
4631145
354721
1363520
4307281
4315674
1618650
5932876
2454539
4114018
1181970
1695405
1631470
7224243
1143395
2320065
1426807
4500492
1712539
6300472
1835790
5159516
3958085
3248309
3593030
3398733
4265928
5241720
4980412
1727762
1240581
2476538
4821700
1113234
1375169
4652485
3337380
6101657
934073
4245954
2797728
399513
5164627
2691885
6263448
3134193
7128017
1177966
1776632
7926515
7261170
1934524
1925025
1496977
8475281
3592037
1564503
5774216
1387350
3882549
1553418
210964
9883144
1506685
5603265
1285104
5400988
1505657
4522893
116651
2203002
4401987
6816495
7174122
7267635
2957208
4626280
1909102
6426670
1382302
1723826
4998414
1341553
5190063
2605130
7791217
1631771
2291776
1268495
8543682
7129366
5881852
2277569
2235277
7226317
1790620
2902070
4610460
176714
1344253
7463751
4490090
2708226
2447905
2977926
7456574
5898192
1843649
1890593
7483494
8264010
5305967
2543826
7563241
1355055
1528514
2841281
1488403
7885218
1440409
1859566
175538
296363
1905179
1235879
1675704
1205232
3857960
9744647
5337341
1328871
9499049
4244262
169993
1960982
2665333
112992
466889
4765733
3798520
5403104
1786592
7868504
9886762
249766
4961300
6240544
1513451
250179
488245
1432207
9123189
6984232
1380109
3419894
1587608
539653
4167835
3143894
1674740
236673
4106684
1636886
3164773
1902461
1874308
3798517
1948727
9876535
1142216
7582266
6167749
134249
4866241
1842642
1672071
4204205
398154
2564794
1359401
2937642
5132079
9496830
2132702
2188634
5688739
4985140
6803624
1689258
16742
1660638
4137286
373404
7957889
1645123
1210696
332566
8495051
3885024
1556012
6650008
558986
2487685
2405559
4283153
3929986
3548815
199919
1477939
2250237
1236781
1658696
6964303
1270616
1658345
3810799
3866997
4417231
1515232
1344688
5901935
9837019
1413860
1646862
4472292
5434172
1316538
838486
2777969
1355806
7497583
811890
2453561
1132555
2862870
4846608
1729133
2750614
1518781
9539636
1943881
1153719
1601080
6353718
4687648
1887409
2121105
8244299
9162833
1938706
1755064
4454065
9747035
6803810
2194542
1716296
2264012
2558985
7698821
4485199
1448411
1602534
1383738
8255882
570643
4702652
3515937
9438654
1422066
8394566
5467816
1682471
2472496
8222148
2188442
2569046
3664497
1893578
1402992
1728449
3647676
1667982
2990015
959135
6507998
4565935
1717263
4281472
3206308
1636966
3828028
122487
5212865
7483362
566151
3106598
5435368
2808459
3635520
1849626
4688994
6458365
1625613
6863472
3537385
5433935
1721775
4139774
1798851
9660565
4435960
366909
8100208
3490739
2352546
1850924
1609921
4386951
4630286
3322896
4195879
2238375
550881
1787433
3962643
6750823
1418943
2849191
2261875
640608
3805698
2285979
1152419
9769271
2158017
3177781
2627740
1509501
462878
4450676
2513930
381850
4133770
1897458
835435
4187603
2836741
4713636
3114753
2280872
8171215
2610785
3573649
1333749
1611942
5697352
5794413
1941115
1191605
2601377
6266797
2531093
2938314
2925532
1376366
1806950
6420395
5555120
1696730
2870746
3978180
7964328
1125942
3516408
2965234
3930646
3283499
5721438
1164804
4815373
1350499
194929
3655159
2314200
3715479
7128374
1546203
3364769
193574
1484571
1566472
4876944
8609839
2299950
1634845
229760
6173585
1476417
1866026
239450
4801017
1857806
4934801
3609524
8857055
5693213
6895911
7603065
3553617
4217728
1208480
4312932
2664103
8272260
1927686
2530641
1271556
2811096
5257822
8284327
331018
6644997
3666423
3864024
1954881
2506055
3817558
3636856
1442667
1202137
2876241
1274490
6838851
2135498
4535362
2304733
2875241
8255749
3165889
8932865
163494
1379857
1100537
1608600
1241491
8877245
197340
3602413
1523093
12039
1576646
5996025
664018
2940592
2725940
6209152
1628789
8667840
67070
1973474
2558216
942486
1214888
1468150
1619284
1738859
3962080
1193230
6579222
3910713
6214690
4283921
1290547
9731636
1740581
527662
7622905
7230977
455255
1791229
1116007
8659320
1789834
1587470
4864498
169676
1945224
1321850
423070
6141605
3466425
2620162
3600044
8869854
762373
1186612
4691878
3552808
7742196
185175
2242359
1922045
3729082
2867205
4298939
7536263
9779574
3483256
7359820
3915001
93668
6141268
2719616
8650317
6838323
3403515
1810842
1911591
6468031
1823502
125583
4449093
1991370
2558611
7681926
2636633
6403426
4904415
4441083
1138801
1685096
641012
2205445
1740109
1581599
1897496
3131180
4754352
1548743
1830593
3725793
6872582
1187314
1217148
4507634
9583123
2530467
692653
4213519
2901911
1995219
7379430
1687295
3306418
5176112
6116240
126301
2476658
5815578
6408271
4496121
3463042
6968758
3474746
1770630
2395204
9530743
2977187
2359232
1598183
6818330
2227971
1818351
4606693
5872035
232400
1962234
1764013
2226464
2438460
1512980
1999461
2816574
1728088
6381492
3559609
2324853
1853173
2543954
2737415
5852507
5964210
1567904
4397767
37119
4263522
1844156
2157419
2535090
4293808
3695162
4667817
2186538
1622677
1192728
1945465
4335833
1890317
5624748
2794710
1116551
5774313
9168599
491641
1582296
1217679
1482654
146097
2351249
4541093
1402634
1494366
5101744
4543613
1944312
5733918
2546850
3990711
187042
1274684
1550663
2796042
3520864
5309507
735159
1588622
1918164
1537377
1352334
1383929
1367487
1976056
3965924
9700578
2345276
1932152
3365641
3957820
1436118
1545938
4880625
8515655
3780878
1527848
4990861
9737737
1767970
6186336
4693667
1955857
4530608
281939
6245119
3999740
9175661
8780824
8191894
1186323
7678735
2699134
4601689
2684300
4220960
1841620
6737132
1791652
431589
2928224
5565038
1667920
6182076
4598132
2722879
3261835
725247
9205450
1553699
6261653
1843114
3784080
3143364
1334598
2274377
1400267
1313821
3924838
2380194
4467106
1162486
6328300
7987249
5240292
7294651
3299747
9237736
5856361
4592611
7220376
5391618
1293100
6350433
1991846
9596899
1922776
2948376
1270454
299947
7719455
8797987
5299223
334174
6841971
1517759
1612466
1467161
1192961
1981414
8999108
2713541
2761695
5900877
6957015
1165273
4324245
5777261
7507264
1268017
3196641
9626037
4598464
1757005
1940688
3486433
1408886
1765027
1839986
1389492
1343140
4233688
1666284
3536641
315552
6882471
2311786
7251257
380764
1704000
1121269
1554006
2258468
4107143
6699460
9594297
2970453
6906957
2820428
2681780
1311736
3475023
1406384
2893694
2459205
998056
7840483
6704495
1798211
1457016
198752
1584331
146095
2174198
1720735
189552
123506
3503541
5180883
1547667
1379195
1584325
9617445
2197272
3805598
2773519
1937208
7812883
1185622
1287212
4467252
4688937
1657362
351638
6205110
5141925
9540671
131490
8912319
5768465
6827864
6407842
4624914
1369072
6882768
2802951
2145256
8242447
1198490
1589872
2929698
4734282
1633435
3482005
1564958
1402850
1981574
5272134
1393700
5680864
1797793
3658711
1800226
8187418
3845009
3290479
4136323
4977052
6197447
2501573
8717162
3740075
1595383
8487247
2973243
6622873
6433727
3875416
4679482
5828937
3160484
4272628
1756015
38186
4406042
7515317
266283
2554953
4596270
8276899
1196487
2108583
220594
1212284
1654827
7351432
3649417
7639151
278439
890126
6971218
1371425
1909370
1912202
1852732
3231161
2230633
7661412
2937337
1863774
1603624
2704287
1186559
7554908
3592925
5176269
8606250
5537749
8256944
1904264
279725
6651223
3798749
5427586
2501522
4377395
2840639
4723944
3968698
4451881
4661282
2570497
6686600
3372271
1853973
371704
2570772
9909645
3580124
1373340
120360
194863
4327401
9388496
1739808
8826703
3498579
1296282
1407777
4874946
9743075
1377843
5817183
1950046
1422156
3728779
4284909
1771631
9390120
3767464
1747968
7714661
1738947
1572240
7916756
3153298
2414247
8273296
4768156
1953059
6992147
2453255
7508885
3890514
4807245
549128
7156152
9635021
9234995
7454791
290976
1498694
3380670
3348157
4689053
4496276
1439278
4370743
6544311
3554058
2360591
9143840
3509383
2136636
2945330
8109712
7138080
1849941
7713918
2147101
2527987
8756958
1793269
2446865
5538564
1116256
1964391
249339
5300589
7574591
2923099
3832466
3446419
696913
8438084
1789716
143616
4622419
2888648
1858049
251387
4975064
1639355
2645003
4388742
3952567
1555274
1837469
3602350
1687128
4643248
1112347
1146001
3820424
1330662
427915
710378
5276778
3445438
2326547
1249347
9663820
1211807
1485565
1955794
2104556
1958579
2403597
1422627
4551062
1810248
3373256
6612718
5671560
3950646
2461414
2451361
765178
3710857
2559833
9717162
4189490
2569246
1152373
6428177
1407254
878109
2607108
4110053
5277036
3740811
6681142
125440
3452199
3480597
1880492
5460680
2344109
4475050
6346808
4101465
3660171
4355786
6384976
1895628
148723
4302688
1926379
1587697
6625823
1955766
9536580
6850487
1776674
3271
6179911
1886705
18609
2627501
457961
2382656
8901271
7126368
2213596
2643265
8729045
6182792
2561862
2807342
5984602
1120153
1336515
2197354
3722426
5543950
1455455
851510
2871105
12417
4469640
2438017
8887037
250784
7897398
1958932
7679623
3480182
3864082
6732349
2582570
1582083
1378515
5209915
1163138
1798269
1460121
141634
4940922
3308634
1978783
8963865
2971045
4547281
1743411
4839033
3257097
319702
2327837
1626090
117272
3875711
1606271
1662139
1883019
2314453
6467587
1135766
1134026
5686036
3350462
1791016
3978292
5960711
1811605
2766893
8886494
1867778
2546848
4332091
5448350
1304434
3806408
3684483
8677748
5934226
1745268
3651236
9366569
1258629
6839548
3546348
199426
9139961
3329404
4995429
6828811
3127319
2714899
6253681
564080
2981356
2639557
6989293
5140676
3314506
1826203
6470137
4487102
3830959
2445670
2416800
6255528
1253859
1605663
1175207
1188001
2903302
8270849
6164632
3728200
4290689
5911307
2549825
1525365
1771543
3750870
7553893
1703743
6470442
7419695
2286773
6617
1536061
8664134
1834375
7914304
4331099
6644161
6877374
1764728
5693134
5385431
3776030
194270
1300625
1663131
7460524
1663710
5614376
7193327
1316890
1472247
5922684
3640155
2256217
8655817
1799517
3405591
2148517
1840960
1579693
6312389
8389665
3490481
1925838
2185772
6372425
1491879
8861963
1749405
234496
5627286
2553822
3373738
7376288
5757958
5962202
2311952
1109009
2335167
9883759
2854648
2497724
2919921
1601762
9141006
1588982
2970880
8676479
4256096
8526717
1484250
5785668
7910462
5927682
2212065
6950516
1286016
7399640
245788
1564252
1855684
1205289
2696316
8260499
1503682
246121
7899998
2944958
1671520
2581955
360162
4607149
5421803
2172771
7896876
1251728
1718015
4643854
6324686
5603850
4274154
5883024
9475258
1335777
2758234
4325177
2844490
2446305
2350577
1215968
2397176
3614060
2658091
7215913
3675065
2357991
3861208
3121587
5605415
5238597
5695889
1910435
2656691
3966152
1492330
1103749
9836888
1330879
5746899
5718253
9406116
1393519
1371692
1284660
4474471
2533426
1261639
6703719
8385564
1385630
1262230
9289624
4558362
1868799
1671867
2241019
9764016
1178391
1566845
3359457
3513944
2133856
3230679
1868108
2653819
7104699
4978998
7209583
1406194
8855481
2827578
5176701
2275549
5722003
1928094
4126351
7945437
1838722
1692750
2582627
3713398
3825533
2152929
182577
4844883
1378093
1921217
3312762
6837569
1824515
8253396
1368499
1308119
1314409
1900714
5503686
7551532
4111076
1944383
1573570
4898462
435645
3144555
1204589
4784658
3829137
1853828
2280838
886704
1592063
7594687
2533607
1714630
425587
619233
1220728
5799196
181006
4661205
1270444
2323530
1814270
183798
6410861
1271918
4877498
6789731
1761947
5150290
1487318
1372667
3631466
9556431
3939309
8462907
133717
1347175
593665
1637196
3943527
1612915
4339817
3901976
1275129
5585061
1742413
3989870
2815528
160461
4842627
1648069
1924671
1111274
1271929
1309584
5203363
558808
4323319
843010
5180238
3562050
2736227
3584059
5812667
384520
1791252
1627980
3748208
3530316
1329860
7446857
1642376
9695734
5210333
1234013
2952625
2434305
1537510
3490072
5193073
3770312
1713076
338043
6838861
7377508
3508203
3802702
2134692
3605143
7259573
2601311
3128916
2600325
3809197
562641
8115940
2830536
5559161
1329856
1908623
3713412
3593796
1837258
7668727
4950383
7279882
5508991
371801
1348732
6241813
269514
610027
9916858
6774386
3734212
5855872
7119952
2249107
3109689
7509398
1556855
6941876
6454881
2967959
438761
355939
5131134
1207476
3137347
3489909
2884030
4998979
2558223
2876241
1265835
1810532
162207
1859162
2342436
1266863
1941491
2398660
417300
2996472
2150094
7297425
5590858
1575698
1486488
4528913
6712937
1857385
4702017
5482241
8569324
8140090
1649326
4418134
5232776
4333278
1611844
2647363
2389404
121453
2304618
7404145
1721983
1625106
2262808
2614357
2735886
2297793
6325322
7768253
1582728
354078
4372888
115964
186145
7986394
6680264
939089
3378324
7909290
5438626
1479234
1230546
1331477
2509335
7424958
1292042
1139656
772525
9797892
4171095
7732156
1132379
179838
4945468
3856784
1272746
4984496
1367913
2983438
3842318
1532222
1597297
5608498
3642140
5516965
1438556
1321024
1436098
7665600
2377231
1537401
5266329
1281035
1625917
1956819
1470447
274218
2609666
6546501
1221238
5697059
4130784
9588828
1157333
26180
98904
4474811
5950668
1718497
2759916
93529
4928296
2843383
6318963
7715672
7352746
1339588
1969695
8826580
5988974
1938863
9476933
1490070
3348079
4433642
1151174
2385708
7691618
1450092
1779935
7935019
29145
1541446
1681464
5287222
5436283
6578056
3399338
9396704
3190588
1326165
6874443
1704278
4392358
4627242
1510251
4457698
8776316
1762609
1462794
1783395
2497359
1829659
2571117
3250738
4182358
1100270
4321480
1393033
170510
2543334
5142659
19988
5891221
2708175
1431347
2737947
157180
1469275
1466800
3738575
6373444
1119562
2853178
4285375
5219828
3914421
4882884
2240783
4982629
8943699
1279288
6703787
278614
2585427
4629255
3798174
9299354
1934249
8835950
6658335
1706980
2775798
2791041
2615748
1326402
2676346
7803953
1856476
3622131
2665387
2951720
8291677
6698137
2826180
1939039
3523941
1962170
5939061
3188415
1697859
4129761
1467967
3868518
3655425
192786
296332
3485174
1854122
6905442
2780737
1488262
5406794
8482995
5640228
3264575
8437290
1749974
6720438
3453718
120445
1610545
1190938
1648161
7888542
3492869
1916467
4276620
8275493
886491
1285191
2126421
1630300
6786427
8823331
1858449
558988
116533
3144505
6618030
119921
3420421
3667317
4365808
2183575
1923461
3180713
2760044
4211310
2171295
5187454
5646165
186139
475669
4716907
1110908
2109167
4102346
6742530
2251716
5715398
3121695
7817689
4612077
8417555
36475
4201447
8740646
3942676
8183987
2765680
3374020
6593511
4555310
6949261
3871869
8571151
3502858
5215433
5778049
5852241
1871258
5244031
8730696
2453456
1630914
9579937
129656
2437696
3130998
1819109
1150116
3918021
1636030
8389535
3374384
3632285
4514448
2350760
5804654
194257
5338074
1127003
1542192
1388465
2157966
7164233
184585
5544379
1540314
1415862
6177997
1940916
4650909
6878865
1494299
2474212
8122580
2788837
935233
4389769
1438216
7909406
2719163
5470953
6392022
1335065
9112522
2605147
8750382
1439707
8689021
6250262
2863923
6765453
1767170
3479783
2462217
1310500
4402639
6476959
2822984
1507995
1925262
2998454
178197
1772320
2954338
7631367
7501087
2404263
8765726
8984524
6882193
4489082
4214205
7239851
1314536
1913108
590271
7206363
1741652
2499
171762
8811985
3878991
2132287
3509598
6805787
7346202
2164176
1489607
2890009
6364966
5960179
227170
1352168
8813807
7368894
3758636
1377258
3748358
7279756
1560660
1843004
4387963
7971608
9581087
1934660
2288404
7207377
4119253
2123467
4268106
2137035
7149688
4835519
2487063
1891296
699390
1984350
1417196
2386678
1468441
3412910
5846963
1247239
2605949
1178957
8595732
8388885
2548025
1677507
2703472
1173934
214343
3823797
3932339
1811313
3460189
1651067
1195786
3370929
1605163
9698431
5101920
1942421
2482869
8100379
2772946
3294674
6998791
1271609
229384
3218005
1599791
347674
1132303
1466731
592312
9444412
2138153
9775116
1602806
6849607
2107802
1236217
223288
562440
9988707
3124864
1721343
1184012
1668004
6892556
2170702
8466861
3642422
534019
5430467
2276130
8939251
18945
4808223
1215755
3216010
138091
5673415
2159675
2804368
4960912
6862448
9406536
1914548
6255206
3116691
3986990
3917009
1220308
1677307
5655638
4770389
796575
1405883
3662625
5712418
2368908
3185944
1955748
3520280
1615323
2211304
1594736
3493726
2192781
8751859
2192614
8600972
1353415
8181809
2633361
8408348
4821361
1906806
3760579
1265746
5268392
1207731
1390169
1295723
8885010
3249814
1281377
7982762
3512141
163961
4295957
1598935
1476635
2924075
6466761
7174244
1877170
6504158
1836449
3950602
16688
1810862
898305
8778860
7786021
8649860
2831571
2166487
1880168
719827
1323753
42512
1155470
2654652
743973
1194099
4123761
1651364
4799916
548554
1946585
51008
9835633
3519931
4548993
2465926
8121115
7739972
5866394
35333
187128
182163
3387346
2879454
2836720
4545783
2879827
1935894
4605774
1418975
2180418
9371749
9165136
8347394
3655165
3413547
695464
2410939
167247
2445427
378058
5288245
1932719
5434511
2736459
1110493
1626543
1159485
2993926
7472594
2419139
3279972
2572620
4259783
7749837
3503070
5586889
8314618
2730286
2760302
4463355
6502319
6320463
1413289
3196097
1546704
2221619
2646900
1655663
5817734
1349928
8875383
2489451
3477763
4920098
121196
1386776
570386
1103426
3306402
5868752
1144847
1624535
7570796
5466281
4347102
6512016
9932908
8865628
183132
888929
4416016
1979447
991682
2330632
151229
5188253
1929314
448966
4263914
1859420
1432354
1832222
6649855
3532270
2482978
1589696
1746635
9715090
5324954
120292
5686647
9858623
242880
9656398
2703692
1775750
6255084
661795
8237956
2438197
147858
253249
4379758
9358582
1629726
8562407
1170468
2123718
1495162
1102252
3400227
723457
2328232
3577608
2598921
243980
2614462
3648223
8305722
6574108
2792358
133396
3494771
2877520
1269683
1596154
1921778
2836746
1629053
4487430
485938
9385421
2744470
1784456
3655555
5828870
2938441
198064
7844576
1936414
273061
1958985
3146986
1721002
7502564
3946770
7613010
4323067
3631014
1215257
4761127
2651085
1224652
4519108
8334828
3158726
4694396
2760996
2260312
1270821
5282302
4258295
5826860
26569
7379330
4874731
4565080
2186641
9567918
8104165
1526032
1164491
4919185
8338252
2515446
9691796
180783
752560
7744964
4766920
3119149
4193852
2596531
1280410
2288747
8937667
2172383
4717496
5871490
4655937
6474715
6380932
437326
1228628
5576674
2681057
2296247
4410607
3962734
4207995
6576415
2998347
9593746
6778300
9899338
1155277
1921817
5344745
1968941
2772037
3109309
4288460
1538349
6553595
1201619
2102403
2408619
255224
4313343
2954644
117552
7380034
3539142
7711916
1485933
1112951
5298718
1124259
7885349
6629411
410943
2777130
2278751
1158542
9749246
3569802
1523266
228973
1102749
36329
3835414
7260302
2586642
8976942
1275293
1640250
5531046
1394801
245411
5831666
2248446
3112088
9213370
9412790
1737846
788283
5438132
1298534
6946960
3257032
7186442
6904151
8416685
9753699
2890218
2215494
6166445
2665006
7267157
4845415
2387501
6243912
6601374
3293073
9841436
1648557
3348119
4358885
2288087
5169768
335070
6865744
1596596
1328342
1756276
1515579
1819637
7695223
4784271
648772
4925439
5776807
2375024
2335376
2883337
7985717
9387224
5384764
2193192
1188039
1190245
210937
3142312
4321233
121031
6306901
1660560
1855727
354404
8873674
883392
2366575
1431789
2236944
2567477
6406774
5778874
9469198
2677662
237546
2652556
1562786
330995
4107416
1874158
2326385
2267195
7701564
3263666
2995627
4749197
3160797
2259230
499874
1626521
5751731
3700489
1219887
1281194
1446920
1910863
2566064
3420817
8481930
656372
5297085
8515492
1677000
1450706
3831403
1964382
2679283
7397331
1157458
7597504
2631923
9868650
6327763
7150898
3265855
8822047
5906628
2927006
7756583
299167
4465351
126081
8485425
178721
5829611
6308251
4930769
6755665
3155490
2979548
1464181
4529728
5629135
1872969
4560690
4850559
1280377
227615
8694864
2290403
1270678
6651941
1582757
7830321
1221599
2749466
2990873
6222582
169047
3431182
4322142
1231158
3594106
3995596
3481126
5375549
8406049
9928838
7823770
4432217
3533726
4650591
2784216
572263
6914716
462849
1732775
3122310
6770107
3522432
6125711
3365569
1445344
8691379
2177337
1671822
2452892
6205136
563628
1587947
6290035
2156056
9783943
1360577
3178726
1474060
1914027
755104
1193808
1822699
7741277
2274704
1794343
3643626
2558087
8611308
4780866
5398132
1728447
2944616
8283550
7532637
2727746
1383173
4579069
6449524
6141051
2531270
1975983
442974
2219850
2516821
5109297
860336
3236146
3921713
2363203
5695213
2150338
2537031
2228855
290870
2610715
5130871
4255502
2770861
1522235
122694
4855966
178184
3716222
2386551
6118554
3106895
3412612
185430
3495306
1163568
4696065
4917715
1929728
5859725
1293690
1230573
8159683
122271
3741482
1927721
2221900
2958779
5248402
2900960
8766865
3208569
4804271
5337762
371896
6916667
3330282
6428003
5724955
463196
6909495
5244066
3294184
259115
310958
1713015
1423202
1309797
3398698
3255335
9125306
598051
1840052
5946501
9421793
813739
2288551
7653030
1599365
1975390
2721990
5864085
2448516
2337224
389100
7516051
9774633
4940318
7953729
5800146
4339341
7901946
4931341
3447933
9926474
4325248
5244323
646914
2570062
3861493
5197612
1234537
1799447
1499484
3304735
3713462
1233913
1392610
3620113
8739801
6417116
5440621
3471158
1468258
3165437
6692160
3991251
8940373
197822
1127224
4588986
8494806
2646681
8265980
4669287
1912891
1736854
3830172
3998991
5772435
9801999
374232
1520983
1869254
4421866
1307058
4446152
1984646
3327971
2641439
137151
4263348
1102120
4836529
4930294
1915649
3672203
1829257
2890541
3909029
4701359
1268444
6993568
2121814
2843699
4852558
5186554
2297381
9263809
1919888
4506200
7855944
1829987
1610094
4368907
7452723
6745161
1638002
6186367
9765457
2816089
3255312
4337654
3809209
1134938
3552329
4554865
1197926
2857359
384260
2874864
1985263
3892095
1389163
2454292
4525740
1959866
2843042
5938047
5930244
6874842
9747386
1790738
3725296
9675670
1106944
9456826
4424837
5126847
2477601
2322960
6719785
665279
3190953
1891106
7599669
9796845
390358
4203574
142378
4267843
9644054
2526675
713254
1672667
1429043
2792599
8549522
2517004
2914265
1129036
1338343
1699306
2639369
2802819
2128913
1562181
6842224
3497567
3708005
1296247
5550928
1351516
5331507
1842915
3222875
1908437
5871196
6695685
2925954
8186768
1992352
6350045
4231104
4249311
1403327
9724537
1538790
5237010
3614922
1594462
1160014
1654540
4366753
1498038
1426531
8654134
3471889
3955801
1937402
1659285
1110672
1215471
2743845
1673484
1349364
3228311
2345955
635986
1817157
2476650
3664998
3468055
2602968
237105
3364593
735128
3921061
3401848
39217
1477516
3759005
6293085
5378081
1951617
2556663
6911826
6242377
2624939
5959902
2435117
298074
3348589
1837229
5410961
6877698
1483798
1335568
1191426
3618558
4578171
1742018
6899274
7707170
1643387
7358181
2713904
2905039
4207899
1323223
2545438
7388846
9176994
5596406
7291427
1619522
1160415
1422343
1706131
2516976
1775718
1890966
3627573
194485
4262771
6466197
4759747
3145149
4584302
9492785
9235961
1474673
3704529
2564367
3992505
4995095
8168362
7255652
5941094
6744856
7875992
3217354
55756
4346229
990473
2273899
3661101
7361748
2273584
3290412
1491464
4389877
6319138
7986761
3881767
4289541
2964716
2853175
494520
2773530
2647701
7248135
3501385
1521874
6848741
158478
1214079
315956
6596617
912806
1346800
287281
2599512
4839165
5946530
1416972
118852
1814294
7717217
4213006
1484713
9482676
3391773
7771198
5401796
1906650
259597
1192998
9572725
2809599
4283601
2470095
4580176
2810677
2765811
7129167
3910338
1887621
2495753
2489820
4843894
4806727
1861834
638919
120676
1807808
837906
11644
1921674
5614721
1539052
4269502
8230160
2260942
6349515
7304157
2593986
6764188
3835419
1165851
1816392
1956124
2253844
8617969
5497230
8174758
7418696
2164743
4862776
567340
4939015
3309861
5449433
1645566
1369651
3705980
4770346
1605987
2698438
1911881
1828548
1905280
2795564
1172037
7169842
2369133
1521162
9529134
3941145
3980210
1439458
1772341
5323524
5497908
3454762
169010
1552843
5431507
2376221
2234787
3468990
5597081
3424841
1215341
127166
513774
2780251
5513229
6775341
1840135
2231776
4637501
185238
2164091
313312
1751278
6813893
2458571
984181
1953992
6773496
1368704
4768919
3848822
1394843
1673575
7172811
1161421
1664620
2170713
3894962
6665015
2640117
7180468
111015
8987699
2837809
2261218
2550870
2988512
8514955
7181002
7746583
594324
2239115
230915
3112236
5436310
6903838
5713756
5364862
5391790
3997061
7790233
8750704
1595025
2541231
9718365
5423781
4778595
1588503
1268357
1938469
335495
1527918
1676805
2347361
5208290
5160663
3910413
2644504
1933471
7487500
4403803
1102320
5272819
4881681
6104154
3743324
3530037
6929106
4218729
3450400
1240061
6881865
1398663
5565285
5195656
9105042
238772
2312703
1244008
9747211
1588906
2174987
3609414
1405104
1639115
2503547
551468
1344926
4782789
5156038
3757333
1995711
5357777
6769196
512753
5841273
1462564
2666983
1807606
1974982
9174094
462099
183374
8752887
2838332
4245432
811991
3388270
1571591
1114346
1893366
1586727
3547500
1240374
2506269
153932
2341098
6796269
1966734
6436915
8592673
4852520
1586892
1673535
4922587
4665884
2358768
5378461
2539319
3364554
131925
3503491
6765772
625660
3785237
3956252
3399567
3746127
1636608
8988080
1590012
1319146
4368375
2594372
222449
8834556
5319710
2383958
3173179
5562123
3413309
2428079
292883
6286600
2491934
250528
2134758
296431
1465327
3516454
3740626
6581467
1576076
1498862
2701750
7115660
8886293
2374208
4654200
5477395
7521444
7309005
5257072
3331865
153667
9320417
3232917
2650048
8294486
2930651
4888779
1364720
8742851
1271542
3229302
1889972
9389400
8878752
1772056
6919385
1785167
1153636
1510790
1176165
5667189
1348753
2744740
1245664
6281579
1796102
5440138
1554191
3180556
1835208
7364323
1972178
5301506
1466559
8167730
1110254
232505
5226601
423577
1142567
6901511
363654
515041
1468476
6846928
1788214
3872998
5522720
7497563
657481
2963158
2401105
5823015
4909082
6510028
2810333
7559562
1966175
571777
6454311
3635250
8282797
8400782
8950546
5681809
4107338
1411484
1993924
178956
9705597
8549654
7950248
125039
2918190
1374284
2111958
3167140
1720643
698330
214154
3310849
771799
1803145
1140930
7897218
2392744
8675378
337287
2403684
1927731
8723421
1246443
4815083
646142
8225389
5286078
2161195
2735413
1203485
1442516
1362453
2387443
2530556
2822487
610510
3793184
1839641
5681194
9494949
3577216
2731550
7527586
2215580
1814383
1696134
1694371
4409808
9563043
1781100
3665385
1777747
1245379
5476183
1975741
1892035
8381074
1811302
8536739
7483522
6609458
3790612
3521447
4583676
1268736
3721267
992334
8799759
2293594
9825888
5929934
1553074
475063
1142747
1857185
7656511
6880074
164555
545054
130346
3604634
6839354
6371145
5581176
7433893
1318152
3146040
1528548
1318470
4516998
149183
4541550
6712281
1907556
1905243
5948749
3193159
1450650
4540322
179764
5865362
1296453
5842278
3660295
8631177
5656157
1292367
67948
3789605
299515
2480901
3402685
8895520
6781041
5339035
1218609
3596180
1583313
2384421
2658027
1419551
3820608
3342575
1322577
1787138
1716143
3608483
8759377
3872877
2489320
2696929
7547763
3405112
1765611
7848686
4707616
1401959
2621282
5609576
6774473
1343021
4393401
4840533
1353604
5420083
6494942
1791313
4300574
1468421
1539295
2386104
1426740
5704320
181150
5681886
1593359
4689832
2540435
1137583
9977649
8848965
151845
3847271
538530
1711093
7363374
6521224
5136576
676732
1642409
9375453
3406722
2176061
6582673
2856747
220060
8247992
6592297
2683742
5233709
1966262
2243649
3114863
3855158
2916880
1829834
2934527
5480239
1652884
1548850
8788307
9246955
1875256
4833035
7718586
3274314
5365525
1426405
1609292
1106015
7665814
3640378
1473272
796328
2198489
1434653
2885575
9598958
3113056
5417009
1631134
4773772
1788905
1184390
9706613
3606390
8672922
1225353
4846236
4473181
1541775
3379894
920136
6640218
162415
8112710
2974284
36932
6128971
3931273
1878327
1497859
7904800
352015
1400461
7162481
7305606
8755236
9600151
1439537
1429841
2902775
4803394
4296776
5214181
2736788
2358563
1728549
2841577
3692430
6619203
2279573
7997624
9485666
1323754
3965017
8364485
1659473
5678236
3866121
5937355
4226960
1779100
7640837
110311
6169222
5726833
3195574
981630
7657091
946288
2420121
8227847
2636766
6197235
1926861
2550281
2116588
2820334
170335
1498753
1165893
1388655
3993006
260887
133739
4841478
2985840
228650
1530375
7197977
3783194
3743976
1630890
4169361
9556397
2733308
6343062
4923091
593636
195542
1657088
6103108
2583073
2206695
8346429
7295135
1571655
2200095
13095
1274846
2967132
193172
4807286
7688130
5385402
6332453
1573954
126087
9626128
1523039
3948612
8311808
2303698
4637561
7909244
1196346
2234225
3172888
3451479
7553404
2269748
7315463
2112954
4338277
5425094
2381852
1928683
6236344
1642400
2590505
2460965
5682110
1113228
1817252
3286050
2116928
4847767
9393661
6808133
6598006
1632527
4865386
327394
5761710
1641084
4935216
2595431
7650456
5930913
8857209
1843126
1787188
6545908
8468076
2993586
3845450
5832180
119734
7632638
6822516
5480078
5859353
2832228
2464996
1473731
9876362
4853215
1629318
1472186
1986679
8348880
3612386
1197127
1768047
3850191
4973154
3540295
933788
1995810
1880674
3969717
4807246
1667747
7915150
8623251
5433755
2527600
3764440
2174632
218984
5116502
6660590
5366222
1964403
3619034
2838196
4304902
244823
1241388
1899213
3980120
4332879
1812947
3417425
1363374
7430152
6430864
1171175
1617896
5827498
1497732
2376959
569416
5850670
2303676
3556355
1440411
337145
4703847
2159181
1627273
2902752
2524622
1686866
1740170
7748431
1894115
3164915
6860987
1967943
1263319
6825613
6460343
1958848
1340458
2415865
1668274
6495810
2482379
2525660
2417900
5580906
1683353
6868196
2527299
5627275
4667405
479352
3327042
1282094
7288742
2550027
1523934
2562220
7334537
7112182
1172049
1807633
1944550
1636759
197866
3875978
379876
2310694
2828544
3932704
1615481
4342425
3707784
4859887
2191782
8437037
390147
7741692
5185637
1581057
2312246
169249
2173638
2355407
9563288
7204978
1799557
3881496
4390914
1776670
5601785
1406497
1999838
4665666
1467158
1797120
8299041
1954631
3135525
1610474
1789964
5466818
1949715
1141241
159213
5475394
6598435
5918482
4836019
4939162
492667
1823196
126456
3639368
6572520
1360635
8679430
6441742
9647524
5614628
6172540
2801553
3921988
586897
4519273
7129220
1269522
911469
1224475
5148118
617208
1527792
1929843
1359240
3915267
2932608
8605252
1465131
2504253
1725908
3391363
1234525
7769955
2226309
6438825
5255464
1725432
1617585
4475365
8358273
4725890
4213963
5235468
6797225
3932146
3914719
5606343
5774785
9725562
9333680
4338156
1660768
5635048
2774246
168880
1443511
3670844
2452436
6520428
3958825
6952196
3893761
4787823
1988975
4937287
3736477
1281903
1608160
1769893
7682026
1947268
2483207
2400404
1750216
3108025
1966783
7669216
3126150
8706593
1311556
8264210
1538146
2832932
3204720
159879
1190411
1303513
5196113
9118562
2215023
3962385
7911193
173873
1161292
467921
6126673
1745237
4466667
1448921
2540119
6893247
7664709
1135604
7527426
1184224
1381242
1371273
1372563
3357075
9793221
1440263
1461094
6176277
7169565
3180849
1162583
1223149
9263930
2224096
1347406
3100659
9966674
1859403
1721184
5165871
8708979
4996541
1109420
7150762
1969015
2543405
1846389
1172077
2709072
6248167
9932990
1781354
3746338
1319001
7896082
1389981
3347337
3666234
5760606
5690248
8507233
152531
2485500
1393857
6478554
2608719
1126857
1514004
1518689
6378958
215766
9245674
4971277
2317370
2589815
5232848
184296
2366281
3733384
1889026
1397000
1397072
1299786
1505608
1364563
165151
613835
3466580
4702772
5989261
3403023
9366541
4897542
162215
5815019
2895673
4435896
5241535
1175941
3178192
2772439
3927028
4785562
160282
2465747
2642235
5396266
1340161
9164052
2281907
8416180
1551784
1583315
6550524
7848851
2187117
4872608
2624437
2184265
1319187
8864555
3999315
2980886
1886642
8857351
2662080
3845530
7238484
1406250
3225276
2859029
2638448
2999528
3299007
8342032
2576391
131334
5329997
5237484
9208064
4110642
3793907
1323577
8789968
8658461
2650028
2465858
351483
4968679
3310723
6301877
1596784
1497362
4773252
9977691
8853043
1137208
7513701
1931694
2686117
1624558
3254051
653073
7512852
274145
3342108
388028
8582286
1751160
2309509
1382912
1549322
4365406
9899601
1985078
2929561
260818
1417587
4716706
3185901
5561330
3849130
9238542
183277
3253118
8149452
3851660
9216521
1202398
1971388
5531723
3751791
4101940
1980896
1481445
1435091
2674809
1194110
9806474
1881781
2248283
1911645
2319179
3299598
4224896
3128656
1922938
1237837
4756150
3397304
1229212
2482781
7717159
1973666
3823156
3786077
3377627
2399043
8657773
1882781
1818452
6139575
9961591
29369
5352788
2587433
3227573
1195413
1530299
3254284
6753655
1499224
244899
4185543
2648017
3493765
7488310
2258741
6286632
3201134
1422388
2198207
6949970
716798
2194648
7145544
936978
7830
598140
2479464
1429101
3408034
1618663
8116322
3504330
2484027
95568
2101621
5478206
7665454
3475373
5542731
1515902
8366333
1389031
2789075
5739751
5544032
96178
1733405
1220134
6861377
1163329
3423200
1325847
6738050
6692899
3500166
1732608
11528
5680661
2583012
3144394
5793471
4484951
1495996
4931472
3700204
3313936
1251301
7718478
1944027
6782609
2829238
6894509
9510154
5312076
4420278
7768081
179110
5984734
1297003
1167425
2826055
2894033
1430415
853437
2513257
4495687
7491064
1848835
362991
2451836
2726648
7214846
8526751
3210819
139159
3843307
2335493
9205021
8968941
2875805
8296537
5969896
6152871
6815738
4167979
1582324
2295544
8362430
8279736
1692162
2304374
4131053
339182
6514823
5936668
4903016
9306660
4925609
1729087
1283382
1665448
1163374
356684
5635352
1402800
8925203
1576766
1192794
973325
5147783
1618405
1588230
5871675
3583195
4931529
7911053
2721282
8666456
9397857
1542148
4240520
2690765
2749728
7658319
1153956
5202975
1455172
2371490
3319923
4820111
6895316
3339050
8407179
1415184
3148865
1490261
6495383
3424684
1569570
3376974
3776283
2531132
5595976
2875978
5932996
140584
1276939
1652637
439586
9725080
154925
2795145
2582034
260925
6841460
3489684
3352259
1725036
5381993
2193912
5145328
1970864
348060
1253108
652905
5879726
2141241
1669440
8997170
6909846
3308045
1442260
7689623
3732898
2916174
2232921
5637252
3787326
1192079
7964623
197338
1119559
1650512
149899
6607607
8490759
5991953
5822275
1198581
5348262
3110063
8526191
280227
260431
1541204
398081
2924803
4968510
9800263
4116367
2853202
3331691
5333523
153333
3160183
9939219
3776427
5155103
1658064
3303470
8358997
8123409
2244385
1735437
4179014
1846175
5617960
321096
1898187
3813249
274599
1691733
1244144
8160556
4333257
1876707
1161878
1534210
9729786
9714878
1390579
3408855
3361944
2952828
2708990
1274049
2886102
3849679
3643526
2210763
191613
1697802
4977797
6175038
4237552
2923909
1419676
4304682
1309328
1965350
2431544
940825
1289472
2197173
596032
1929171
296656
3264323
5400102
5880360
9857766
1907559
1321806
1811422
4354265
1799249
8124480
1728966
3154745
7104799
3142555
6656706
3279489
3160309
5957488
4315368
2765543
1702316
4603816
7142423
2436829
2939046
1173562
2275301
7489612
3885813
851898
1585559
4190380
1788138
1963714
1411868
6797987
4629997
1639219
1143190
1410866
2803606
3934065
9577148
181659
479976
1732595
3137907
4410793
6868847
440158
1720882
4646375
8208364
5176622
2443286
1576502
598265
1862518
5941400
1940298
1819876
1674625
2773318
3720242
1985252
4876026
1552867
261460
2297006
2930250
9751376
2298883
765708
1525783
3745340
1459989
3526901
276793
3469979
5342224
3586780
1814662
2406372
6424
9987173
8290878
7479356
2464549
3887643
7461544
7658328
7898623
9664011
9188664
481410
1661784
1225527
158303
4541562
2123426
3360076
1173037
1666542
7342277
8794570
2627265
1599622
2516489
6478032
2705814
5869489
1634449
8640830
2707307
9977704
1285267
6447059
1255247
2962558
1759622
22333
5891470
6978743
4180469
853713
1961255
6321173
3106276
1577042
3350325
116766
1381331
4398708
9261008
8313481
1546818
1340493
7950899
6337885
2903182
3240032
2480829
7151429
2409202
4874427
183022
1976673
543277
5684911
3287086
218885
2374422
2603189
1801196
119417
5771199
1968896
238689
889606
3810172
3585443
1260023
6129835
2366407
3587953
388848
2533131
2909321
3199585
1616268
2512920
141842
3608798
1135922
678435
1864549
896759
380306
314829
3618097
6645099
5763639
5271341
4520793
3807931
1296986
1122585
2983070
2299779
7618096
1970333
1102655
4391196
2216105
38937
1707433
2751652
3372940
3760784
46320
1498313
152920
2545939
1943828
3775250
7343510
5481101
5658079
231910
1397188
7331543
6324736
3400808
9359398
8708043
1737441
1873630
2310175
5326398
1267923
8780978
5819828
8476622
1247599
7306465
4734640
1700600
17018
4408693
1231598
3972448
213421
4503341
2581263
5758371
445625
169058
6797066
8453981
8616432
3227297
1290103
9545980
8836870
1604192
1496283
2406066
1967902
2177946
4902596
1165171
4524835
3645498
1313402
451769
1847434
1532306
7986464
5199027
47405
9727257
2112528
2311710
4801363
7697780
3729696
6707608
1743111
4757061
3214491
1502771
2537109
7419589
7622279
1266069
1515037
4685015
1700081
7661366
3932174
147204
2318567
1764070
1558451
6454451
8350068
7970940
1144166
1375861
3233120
699566
1286452
3598070
1501933
2789131
6642053
2661180
4280656
1844318
4174343
2602019
4681091
255125
1273390
3725666
3944061
1189611
1948730
1646744
1782487
4600062
5249008
262880
4880099
7865591
596288
1147318
2289849
1181936
1484456
2431810
1581298
8578649
4393012
2278227
4398509
1898279
211992
1201126
1681237
2503228
4576345
5298925
1773862
2950133
4466431
7863230
2430968
9705552
463548
1282488
1465887
6343560
8786417
1122496
8493124
6179221
5810045
6696547
7414339
1219913
1797954
3795347
1449944
1884261
5410966
2189340
3690980
2471728
1404862
1189751
1412179
9126691
3185448
4700542
2824550
6538478
1117454
1623661
9627211
1117613
1487453
3229914
8127199
1653114
346943
8243063
8903511
1605108
5150775
279913
3404195
3559107
4932010
8500443
5704227
6885586
7567517
5123147
5554696
2854945
639694
1247925
1659471
3842949
3281470
3161356
2682251
6819858
2406037
5447102
9755851
362580
9537962
2211137
8749954
1304914
6318167
1579213
2274725
1889368
7134291
9758223
1248501
2179557
1313673
2303330
1153456
7468950
6341144
3442667
2708363
7315946
1183424
5309182
1863573
6144997
4183600
1443096
2543247
1207318
3273469
3464781
5678369
5297186
2905672
3338505
3389935
3961556
3485810
1730241
3120872
9593489
1301841
1463285
4772756
1899203
1615954
1754676
8768203
2584862
1797666
5459333
2425004
1744722
1995259
1404399
2658253
3156343
2482705
4955066
1627889
490409
3243020
3647567
2916485
3399895
195372
1717383
1829680
515750
7454865
2429392
1209723
1447698
2251932
3947239
1954148
711397
4493205
2332746
5165603
3155578
1422962
3125092
3509774
273558
4509773
2748740
2370590
1738918
1223806
1256705
2629119
1165645
1927012
6301326
3821453
7825916
1819238
1883047
121838
151654
1578017
3719642
217108
1174178
7830159
9739934
1732056
1603147
1624900
182637
949645
4364705
7555432
1845049
4689904
5952339
131040
8376924
1225583
1465425
1906642
4622256
226234
1644953
1200368
2312880
1940566
432870
9442223
1692694
7450627
1510159
18481
3199400
1544047
4947330
6921645
1672515
9149521
3718554
1127079
1491523
581704
6471873
3245107
2927370
9204000
3462610
3963045
2418867
2170924
5201048
3460072
7637121
3764265
9660964
1209993
2462590
3302174
7949505
2144943
661371
1164017
5177258
3621388
2110487
7238366
2881338
1748181
1114251
2225774
8460832
1468067
4662094
6843633
1974188
1522564
1328070
9393629
2969688
5517271
2732635
1274926
2353286
3574826
1144163
230487
6136643
4878013
2201910
3608894
1562739
1785075
3631599
3273914
8163426
1730900
4245672
2606948
1448591
1953457
2737945
7986192
3115940
9109247
1350592
2717351
130422
3354312
593429
3830934
1947542
8202419
2186278
5614325
4801231
1521852
6691096
1274018
95805
2419158
75509
1916054
5219052
564840
1590029
3825384
151714
5145607
511195
1595735
7578975
6331008
8315684
1795430
5517997
2474929
6302903
7924817
1850109
8787251
1601556
1429332
2458322
1290050
1949809
3213670
1240560
2325615
9802915
9945964
323951
2284818
2397843
2585639
82732
4637179
1944454
7628807
320857
6979079
2541327
2152815
3907429
9528366
4803478
7493551
2379226
5808932
1782707
1684730
5137964
3981313
6168997
9598925
8927823
3723239
1175749
1204431
1950588
8197951
3548229
8518737
1993004
2721415
1209686
6809779
365135
1288287
8122704
1479590
1893516
3995630
2250758
2207916
1867258
1200047
1226721
8277389
2970425
2702212
4158605
1398980
2522765
9858748
6498523
1572627
1180271
2649359
1722186
8420508
1128828
2299140
3818764
1482710
1486708
6802750
184367
1689771
6786381
6461457
4179479
2596204
253114
1736744
5797670
8794341
4558202
1277701
2223511
6213504
2956424
9339925
1851775
2204925
3152344
1584263
1882472
3818151
4878769
4459949
3800752
3747735
6546452
2278197
4613245
9551233
2126254
384870
9420189
8238174
6903532
3772386
5200347
413075
2669203
4734064
1757988
9157256
3415840
3403023
1137724
1701643
1662055
4227186
6223791
2199239
7741093
695031
5796349
1585256
1687529
9234138
824563
2213376
8890702
1111523
7307117
4492417
8504695
3529924
4666379
1963825
2119463
1248610
3299432
3788607
1257891
2428532
7853281
5658517
2860983
1820953
1386761
5160292
7215108
1535942
2950830
1150541
5897311
3596030
5727960
4596339
4809634
1275510
1907093
9894049
9869174
3546432
476724
320278
5724629
1112526
1540725
5296748
1934029
2114657
4520231
1861096
1231331
8739053
1855092
1838226
8239994
5306375
7902968
5248546
6684659
3926713
5930676
7486962
5913778
249433
2301296
9836240
2105624
4226191
243382
719593
7662717
42984
2892791
1481343
2628925
8396915
2306665
1682401
3876603
1987417
2113944
3283404
6997121
3880365
4541852
1169948
4213153
1226864
2218470
3272288
1302559
1796634
2761568
9851028
1910933
5808198
4744980
378294
4125279
2132668
3994335
1143978
3678371
2936700
6137220
4217452
7367564
2732211
3607148
1418152
3467522
1441558
6502079
2164455
4381647
3696094
822762
27953
3346866
174419
4220478
2939162
1122098
1131178
1733398
1775704
7481070
7161688
9509763
2902119
7956292
7799874
1201621
1106569
2692181
1740218
1841154
2171360
5460546
1872162
5173180
8712665
3177005
2428216
9240086
2988744
2853314
4247119
4871336
1687175
8429173
1506596
3971935
1181157
1283665
7804385
117078
7274374
8830328
5133186
1551301
2262361
9521995
3419804
1277312
5191810
3388937
517273
8967463
4515320
1577298
9778080
329197
8986877
4412572
1433377
2778405
4188664
5994056
1727292
8916674
1861406
2282704
1224094
1918902
8258780
1438178
8237935
1635796
2483101
6124131
6787015
931418
1110830
6429635
3342374
1821235
8513485
8890281
5792316
3764006
5701610
2219242
7808096
8428352
14975
2721200
2478331
1119824
1439873
1939783
6680835
4875260
1640736
1943229
3946185
1932013
7463043
2548126
2157217
3470011
5333473
1918929
78336
6211221
3566936
1207865
1954365
4947733
5158766
2972831
6676917
9369012
3205963
1962451
135579
4499760
8959350
2949935
9446035
1532131
1702657
4452009
6414938
3372886
4264112
7834031
7674940
7902709
1318317
2691219
1883069
1342008
3498154
3932458
1187703
4548941
3982037
1371197
1838312
2730342
3671450
3100053
4508970
3244506
53377
3697793
3326158
7200132
8279502
9836751
8227298
5113617
3671958
1476955
1363939
1427397
1504819
5152827
1173863
5741866
9514702
1854602
1623729
2100599
12181
4592418
5127563
14257
291030
1596083
5123127
136609
6473086
1188470
1285086
8844607
1513518
7873715
6248058
336076
1899489
3180372
6361959
6655942
1478006
4120814
1404303
9796977
2203445
1364867
4172927
849945
7748209
6892551
5152275
2920827
1959462
1252056
1124990
3525415
4117551
5887376
5171587
2945952
7875342
6238672
6204200
3622131
3228797
2689836
5908013
5220703
3752139
1394941
6854487
5577144
4412806
1670685
8591451
161325
3572741
6740768
8326588
198687
2268359
1318980
5890422
459162
1472897
9584919
1543294
5481775
6971320
1898647
4371724
1617692
5113768
5318196
9633215
4376820
1123064
2380178
1473272
2931039
7612890
2286018
6357871
5421805
3460785
1160887
4255675
1629945
184397
2441758
8837298
3961226
4151453
4111528
1612038
3585434
1950827
227215
2439503
4513382
2781015
1903741
1351808
486746
1266811
4141314
1237128
1229877
8110366
3666584
9939104
5162005
8662145
1479765
4562396
3720037
1756817
4360412
2934200
1895173
3769415
1439983
3940120
5978697
4147478
3775792
7556758
1129794
1233881
6368103
5232714
8945200
317075
1411021
7535162
3358572
1102013
3715924
9296403
1594560
1775019
1844689
1752668
3749068
5478475
1763205
1380389
7667522
6775065
7632420
1948031
8878811
2854121
673186
7587670
1762780
4400909
350211
2599694
1643114
4929155
3574548
9771444
2141092
3467217
6352802
2663653
1818552
3307647
2889208
4268407
2726354
2817949
2614910
2780526
8407179
4338944
677029
3644914
2514441
8348854
2820020
4545272
3756435
1387741
4540877
989593
890056
7134984
2203497
3441180
2150348
3930885
1201149
5149448
1665079
1246274
8659992
2215307
2815666
3785805
2816493
6441443
115954
4541240
9914302
2304787
7160153
6512273
74968
9991999
222734
2113795
1307873
1704261
8730425
3925909
6399552
3460888
4289057
8264917
3518969
2519627
3560366
3147616
9544797
3802810
6761940
3632292
3492751
2384254
2708125
1852812
4933485
1183453
7942223
6226280
5904934
2314455
6662020
2765739
8720708
2355986
193504
4712094
9505595
8992897
2573882
4982213
1561517
434677
4381159
1117130
4198016
1939512
4203793
3226268
7142260
1918769
2756900
1289878
3748022
3139965
2913270
170680
1747449
5640666
3127014
1556292
6780112
6696533
6249463
1151184
1776427
3840554
1607241
1289825
625686
2617526
150336
7539667
3862856
8919006
8141706
3651170
3550259
2172600
4342582
3109782
1579609
4305378
5785534
1422942
4433875
1542078
1267832
4495135
1586829
8424782
8515092
6840984
7518817
1405667
1908564
2729132
1708193
6553597
1281696
1975630
4981589
1309701
3182504
3674615
2777900
2947162
2444280
3875146
3575461
54100
4466431
1885726
1447979
7607347
1932368
3113370
4634526
1857373
678552
256515
5553180
1894948
7652817
6350099
1118070
3179790
4941149
9620460
4601676
1166135
1723348
3555427
4271426
2407432
2870619
1233179
8624648
4488301
173147
3804099
1937645
5911159
3270109
3657276
1119157
3427337
369133
1910697
4662635
640620
3477472
3919332
115404
1104549
1350324
2726621
2676226
1802643
4563563
2361553
5273481
2270022
1502152
3731030
2270517
2864760
1120409
8490593
9727143
386509
2376022
3551212
1965012
3631178
5458518
3549869
7245395
2476343
1299678
1983835
2577460
3844604
1601879
227631
2971966
1640033
4931819
1369892
1359015
4275135
2412199
4214293
2363966
1170614
3549481
2257523
1112452
1985220
2802099
5152
1103204
1885582
3218256
3591624
1312496
2830944
1816733
2658558
557325
7308390
5954750
1500433
3974568
4360308
917655
8851366
2230506
2780538
1883046
1865448
7643119
1746307
1596513
8296327
6212855
6349387
1193453
5294236
9743138
2793012
2290565
4122114
25894
3949127
7304590
1747310
225826
270583
2950576
1210871
1917746
1393006
2260120
6136376
4597695
2590367
1866518
1115028
4366545
7512871
3770996
1937034
8394176
4960632
9752377
1716890
1926896
4136372
6734224
2876439
2906621
4693910
2378371
3427755
4117117
8496026
9594001
1330577
7205233
3712979
930986
2309443
1415690
6559948
8230013
5334494
6663639
2313602
1231156
1132633
5754868
298503
1917037
1548168
1288579
117700
5285693
1242650
1998058
4755871
2951813
7729567
2409072
2398153
1486322
2378776
2777456
3417093
8128670
7587804
86419
1332758
8881220
1626854
1560846
2553902
2353855
4687789
1260803
4164402
3777649
1290271
7589686
6437660
1603817
1453894
8548590
5696167
6375288
2616758
3895189
9310687
1152746
345342
3705948
3740084
9841736
1932875
1997025
8564766
7355266
481498
171100
2929315
7334402
5890950
2731599
5512682
2579180
2344288
3125068
1680720
1974156
3870078
1507774
1483922
4415974
8158724
5373869
6448660
8551609
5178185
4471579
4461802
5345896
9612997
3461643
255725
2623305
8365641
3730414
2818113
1107484
35163
1134612
1484379
2791506
4356172
2185509
1339782
614193
1510134
1609411
3389868
5690632
8786533
7692564
8389575
8567066
2173161
2220014
164343
284891
1579792
3537933
8516115
6488494
2521072
7301357
4408244
6596797
568972
2380177
6852437
3705085
1306757
2395589
7573561
7126467
3322927
4624699
1914884
4537369
2245438
1714095
5394151
1256107
1575520
6737197
2923314
5668321
2754451
1112182
5111652
1158573
7531425
5365954
2383866
2530648
2804352
2795911
4202281
1362690
292089
1212106
6926754
2921570
191850
5941004
8835018
11866
4481678
1878313
1455498
1727484
2909737
7223692
2581694
3267662
2158533
3584650
1525040
9317614
2931673
8448706
692057
41797
6839118
1723265
4220838
4656573
2413401
2733116
2866591
3868523
2740409
4791076
1755070
1958108
2489804
167360
235097
3855758
6123289
6802792
4160690
4400361
4204219
2686118
3219783
8410848
687318
7983438
1347283
1866630
4198002
2193762
2325983
8752846
1162988
5954561
1630371
5665750
2856034
2850168
2778888
1253541
1157336
255777
1572452
9571589
4800896
6595081
4912627
4996706
3622809
2226304
5146639
528706
1407079
2439323
1487869
4581539
590909
3702701
428183
5921758
5325725
6723771
1793492
2161018
5474859
1654112
1847124
2557974
5768553
885416
6388497
7288239
7321839
2509096
1760464
2157980
1775277
1840614
1545374
1380804
2108403
249688
7593198
2730169
3512651
297639
1624321
1407069
2194748
2308147
294435
2406913
1633215
1362980
2719290
4140235
6198716
2735395
3162292
1653279
1983907
6418300
1293379
1636810
2684407
2142955
9973222
3545566
2615254
9915022
2842150
1939706
1216965
9712576
2945951
2642171
1184900
2487696
1683943
3739957
1668133
5124924
9260538
4881539
1339156
1420520
2452208
1433314
19981
151156
516053
6629911
2925873
2512212
1103685
6449964
176148
1307372
7798152
5418464
1519638
156473
1442387
191435
2347656
4184323
8821738
6610383
1791172
6178431
255695
170462
7506048
2773927
3240263
1128053
2184928
6173651
6145932
1376443
2730042
7326944
1550836
8315082
2538069
5188837
492981
1757343
1517976
1397897
3359487
5590183
1263434
3631483
1522524
3342485
9132485
4717243
5171104
53930
4550280
8766392
2167707
1266616
8177148
13809
5806853
5353241
1825867
6541634
2889193
2511032
3343048
6778788
311495
1484012
5111826
855732
4180084
2674945
1192251
5421757
1354473
4880410
5969224
6620285
4163421
1638525
8262534
8646822
6814623
2259397
8239699
7292598
3174214
4388296
4608500
5727933
1778613
5187522
2194759
6407818
3376567
4179461
1528128
25361
2662768
5825910
1193200
2358901
2608489
3565931
1924958
9673670
9907854
1290548
3128216
5838945
1278947
8311659
195976
7149316
130075
1578200
3550695
1676722
2466435
1677950
130815
1398882
4845830
2541064
2186412
7715457
15641
518279
1271010
1345188
8705771
1667301
7919519
4392575
2908523
6695988
1779390
6255081
2774777
1270367
446412
1725042
6908723
560644
1490254
1730420
2803033
6109351
6648907
2207861
5468851
2437663
4751502
2694070
1164087
3889529
4382692
1784846
286000
2628066
1367394
5767263
1463028
3490145
3916324
1265140
1601602
2836031
7679870
5647694
5700136
948889
5884386
7388951
1337182
1800394
8298932
1947183
1843807
3813524
2194329
136465
6370868
3624934
5606362
3659699
1430560
1824227
2980360
1144700
7731563
1752384
224837
4389793
1751191
1997477
9268657
5929393
5140642
1838427
1362389
1595980
1918618
1641812
8334176
3616315
3774202
1499010
1145266
35606
660905
9162571
263350
4861312
2304279
3385150
5465454
3188041
473207
5549629
2380489
1623930
3242047
2649146
6897721
6526704
1716524
1223401
4462241
1529488
522852
1985193
741890
2701154
1201630
1665305
810719
2346635
3687
5733771
4187310
585404
2385578
7238696
2587614
2896191
2302115
1584829
2280030
310178
1322106
4121428
1434843
4240316
679411
7443380
2737819
1760401
9469296
48411
1342384
1685926
1525385
5530019
1431937
1372018
1877226
7428255
1916372
5994859
6290943
9805558
9844463
7901686
971522
7173571
4681409
1132118
5403671
6406955
2139309
1133722
3901897
5242887
1746010
1630607
1981408
155052
3771651
1978494
2469463
4252241
9656248
1431534
4131114
1607794
1789422
1767937
1272022
1865704
2182048
1870602
1574655
13804
4795206
2680739
3431399
1318737
5132688
7825889
5866278
1546236
315902
2559570
6686976
1856428
6592006
9590073
2157292
3101118
3771712
2248078
2135730
4355780
1897617
4674483
125272
6979708
3371498
4253565
1105263
1876917
6760184
270887
1349862
6552951
1742311
8757715
4217672
2875660
3662572
3734621
1207005
4854443
6534480
1511645
567203
3752625
8831436
1183488
454513
1875495
2348969
2700182
5362249
2764443
249118
2246771
7198974
1512558
3678148
1746251
3440861
2708168
3352686
1646779
8468178
9168957
4168301
6310187
5630884
3593992
4288465
9528159
9295970
1644771
3453828
1800593
1192916
1160876
1775364
4997580
9820326
3367454
4276820
4274811
7429255
2872479
3492610
7405308
5358607
1646887
4159560
1434481
1482342
1320882
2240515
5247706
1449216
1902627
2795121
1382479
1825433
9252211
2267805
2524168
6302817
4725622
2783016
4876249
1667399
1170323
8513976
2582960
1160995
9543913
760842
5209513
3942415
2103919
3915135
1187562
2289724
6742
3281745
8243552
1363610
9550897
6703274
9515409
2632753
2611742
8575967
342025
4839267
2876222
6294326
5559448
2486851
9249103
2215766
4211154
1384570
248466
2622740
6849804
1919703
3541960
4258440
4117945
783686
181333
1605001
1251487
5778881
7670052
2278614
2262618
166928
2203156
1254698
1565955
4725158
7362284
2779914
6459085
1188085
2832824
1901011
2666593
2159700
3965191
1470938
2493398
8147643
816987
5116388
7440038
2315103
6393851
1411612
558985
5111622
2305971
174156
1166466
1796867
9496646
2643874
1233528
2294568
