2142835
4670209
4792589
2167169
7503575
2904335
1270211
5279458
8167415
1210901
1217675
2157444
2415080
2980938
2897205
4579281
3856101
1160198
6998631
2283882
5701960
8682711
32323
2512233
6335622
2864322
1557739
1702522
172888
6231382
5673366
1780885
2620205
2734835
8297362
3126483
9472226
1734679
1952008
151368
242446
1270872
934964
2751279
8470454
3664545
1816207
2782927
7536395
1679625
3285786
3926749
1733929
1355381
4774347
8348828
5249111
3445969
9179667
1975615
461313
1522571
264939
9832951
3554668
2521564
2574837
3324919
1898764
1875466
2157546
241613
1823268
5804332
3850385
2341848
9201526
2943248
3364517
9325446
1188416
5700269
2439347
1117444
2954845
1667621
4427632
1149306
140020
1324939
1753156
6602107
6740652
1535424
1847935
3416337
1900788
4752985
1357463
580390
4290686
1592993
9855955
1756823
1546612
4752241
6230037
7822520
9176331
4999536
5796484
4319810
2259334
1463462
1539733
251432
3828772
4155427
443857
1603094
2552703
1271345
1315189
3469744
1404898
5662673
1673279
2683220
7842885
1519165
6386685
4560820
4800723
167483
146490
5134400
3141552
4163675
7373071
64034
280167
1415159
4182648
128801
1685947
3948037
276069
3738540
8349365
170220
1947329
2338094
2214360
654678
4247792
1203644
3486709
4695369
6843656
7378678
9789481
2897190
1301537
4983795
1542973
5469915
185450
1555696
8993950
6787284
2420995
3598447
6540629
9590814
9125764
2139917
9864807
5656942
810408
5557685
2882456
3558153
1831194
2555040
5470080
4595486
3473353
5145997
691638
1302139
1266230
6658347
1189949
167058
5448725
1163437
2488818
3344742
191616
3281310
326741
2664085
6186364
2863989
6607456
1881313
1400577
1718682
8701191
1818810
2777320
2964503
2211838
713404
3273324
5810975
7668471
3262034
6163814
1779736
1196843
8689649
1845432
8916103
2189956
2134333
4913735
2643478
2656000
1937793
8984497
3248313
1716421
2146866
5545516
5644485
1432120
268413
1478050
2932225
9501277
3374853
7528339
3198672
1120881
9979906
649822
7833719
3557242
155637
4430180
243921
9510837
1732832
4722751
1303072
6888822
8672886
2612701
4622084
2675173
2715666
2583773
3424501
151295
2831197
7146056
966076
1599916
3980201
1527594
8330184
1501627
9124474
1690474
3684645
7178427
11577
8161974
9603844
1530047
7429343
9207354
9619994
3500647
7511229
4724074
6884254
260079
5531246
6467779
2634636
1813984
9390042
5718706
3253017
2561234
4491242
3211491
2750029
890389
1124441
3726948
7392089
1522249
1795973
8961699
1843877
2829853
3199048
6387077
5634654
1949482
2192316
1287384
1433329
2638178
9615874
6666277
2460445
2827946
2875354
5151740
1833577
3463524
1575465
7254173
3601192
2344156
2921213
7475658
737573
2629856
2588509
260864
1569237
1332032
8160338
2752505
6762224
8745972
7969960
2204882
4893529
130056
2744500
1105033
2199497
4662059
1471973
1704119
1842845
5899641
1988234
2194242
4998467
6352537
7922892
2495064
1687959
2271528
4307253
2285567
1285657
3843629
9664684
2390233
4811555
3390639
2475577
4279815
8262707
251367
1753392
1217544
7505636
8403485
3127149
5568271
1492918
7599523
1354587
8450733
1943375
2191515
5856039
7438250
1892883
4433067
4542897
4192014
1799948
7459905
2578490
6669295
4213113
1725448
3843298
1370759
8546858
1402365
1224751
5329015
1136052
576473
1148541
1361646
2537955
5937445
5553804
1774528
3500816
1306194
217809
1806612
1982614
1768862
1112417
3936153
5867045
6395095
1243493
2731544
1786885
3867660
7406421
331252
3747212
6526236
2404493
246991
9717076
238076
5356282
1694158
1570908
1577035
1459812
7684310
563420
4545132
4778093
5296602
1855347
1629450
4123689
1732277
1654874
1575933
1777576
419203
2605862
3718615
2118641
5479681
7853192
2735897
316137
2521514
2853044
1383053
1664291
7719825
676768
1769227
5326362
571245
233273
2685984
526571
648368
951459
225290
3170634
1726180
1128664
2863714
666683
2191398
4354493
1597854
1468302
310743
6595104
6122678
230118
6383458
1663969
8399083
6340550
2567800
1725924
8514383
7592609
9208014
263629
9667811
4303586
3937335
5350005
6314240
6154005
2429927
12216
9708458
9504872
1695944
6765880
1193812
9685803
5383475
3851215
2294759
9883118
1969379
8400617
3296467
366617
2272210
122066
3588356
7869117
2820177
3803449
4213961
2616884
2741586
1175855
7236765
3732562
9741766
414095
6319776
338745
3860459
5495575
1597399
716848
5777870
1196350
5421936
3733573
1587243
5456730
5353174
3468107
9833915
614109
1930099
8815800
4118523
1885778
3208288
1186640
8969844
2251539
4166895
2157025
9166548
7710890
525959
2864996
2341730
1698382
6342984
5431856
1806778
1911062
1129145
9248839
2848339
1508177
4204732
8216627
8945474
8665467
5739014
5616837
1440039
1625293
1831229
1431269
8613036
173920
2781258
2842254
12278
1285412
7367212
6809988
6849000
1870258
1848028
2290482
1346421
1650136
2171147
1723707
399294
550083
3788950
2142336
7460685
1490304
4958825
9457384
3669247
6511558
3592638
3173210
22132
4164954
5142367
9512040
1742622
4233675
447843
8921185
321591
2670094
162798
1259334
2984417
5444112
3554826
1557834
4973389
744681
818485
1585162
6735894
2229166
2612514
2133458
1940504
9693099
4370622
969247
1486658
6140954
3787784
2562207
823882
1399589
1720688
2443346
2345708
9888433
4968562
4770010
3439134
1772877
145372
4742350
8117420
110856
3812759
7731353
3734953
1222701
2885457
1502556
2529110
1701693
1394226
7543887
1823857
5918316
2308933
1352939
1707371
489194
1508866
3377714
2407678
787260
3226057
954544
5236704
5798279
2564635
2214722
4353276
9288595
2483657
3535004
5560030
4231352
8354943
1413684
5206167
2641897
8184436
9580830
1897994
7815375
5966668
2141560
7977587
7776086
1536893
3276517
2926552
156742
7924683
2894384
8411724
320292
6612282
159634
3787376
1741602
4495325
2620181
7196259
6969516
1835409
1444309
6312647
6849878
1651721
1326103
8183941
3660892
7161373
279707
6348834
1792765
1681614
379763
1108644
7845046
5467004
896386
4188956
2814660
4463675
1554907
1145494
8570054
1229157
4766983
6684960
4750944
3661975
7697044
1653606
2685509
2728953
3274194
4483267
1260546
3312966
1600113
5493814
4143976
1239778
7777082
1568014
5339875
5569940
1390226
789593
1963506
5725336
1432899
9808367
5501263
1361683
1636062
4834483
1765716
2575500
2793107
7865595
1618844
4467984
5932808
4898419
2601523
9774610
1635144
3876096
342564
6383857
5455649
173404
1507568
9824392
1808449
5111278
615770
240503
17504
2136654
1483226
1304357
3341409
1155309
1155681
6574708
2558416
7346675
1126910
6494631
4409841
2804687
74102
7742391
35662
2130220
1429293
3982546
9552189
8477210
1450478
5892459
4561174
7977697
1957777
1721119
1652670
3143156
7845516
4681420
2945089
2946311
3263398
4161329
2682757
14317
519505
4676265
6378825
4988015
1510032
5490525
1409192
7721493
1952038
6820022
2156524
861815
1238256
6770696
2718700
2831563
1519270
3912241
2803990
3923181
693691
2848771
1906713
3600525
3723497
1356139
1781173
9727393
4750485
235500
8672039
1989117
4438056
5653777
143877
3836442
8533678
8536144
4722205
1245114
2161793
2593300
5901599
1867807
1435768
6185338
1918640
2668131
1677224
2217406
1229593
6938521
2348930
1904187
4937362
550568
2829977
9146972
7735830
8579502
7282790
7419334
2156287
2175500
1567293
9354982
2301297
3578857
2783048
62046
2683594
4860481
1338981
3372555
859301
1590217
167506
1966817
1383294
1564049
5337798
2458443
2870623
3353247
4994830
4992682
2850814
231061
2480484
5881767
3742184
741136
1693392
2433859
2136206
1600385
1975255
3106237
3287958
2513902
1693135
320179
1524302
1220617
480818
4622945
2648000
5595429
4271685
4198483
6382980
8909917
4180150
3830153
7809338
1598108
8725440
4582182
3436315
2431769
3290199
1757595
3886076
8204331
2506400
9911444
172887
1239440
7930639
3309750
4176771
8237198
4465502
7942510
5677845
1640539
1577293
2481495
8860206
5396872
942820
4788011
2647669
1807303
4617604
6555404
5203275
5876169
13243
6869815
3889823
2285960
2268416
1903850
2794992
2951180
1984385
1174974
3293868
1690218
2369612
5842744
3849755
3629143
1799155
5795330
4777808
5747645
3686416
1447264
1308032
1668508
3233362
1476121
6295668
2829826
3437816
6987981
2457513
2650299
1880224
3273868
6229405
3651457
779318
3649295
1853691
6915814
2195767
3923344
3207822
2207172
1985100
7443503
8540525
3277926
3648285
2735284
3666545
2955656
880077
287352
2846363
2371969
9115414
8226288
3680752
4722223
1727916
8405508
5474700
9449901
6197169
1855617
2690507
4574826
1704127
1789582
1900009
1219603
4666514
4414664
483149
1356381
174984
2821506
2870448
5536842
4312040
9665627
1729946
2149254
4818463
2711791
2610722
2893055
8976160
2181063
1940349
1938780
3486147
3250093
1776496
1722381
7284536
9284667
4698410
1123574
3549571
427877
5547955
2619729
1681384
1727510
7502118
5302748
8568895
4524177
1522065
1513240
1572475
5667722
5688124
1911173
1138646
348202
7922251
27830
3857171
282356
3233716
7358020
1241641
7249570
7509852
1948190
11504
2864854
9686086
5818469
4690539
1929913
6860772
9293187
5740441
1541749
1782227
7301025
7593606
6360232
2748469
6463914
7354520
6595439
5244795
2754412
1281190
158062
16394
134375
3741709
6722531
2891199
2578917
7430056
1978828
9218206
2245407
6320911
9424086
1211306
2185490
5847593
13121
1457028
5401909
2396433
1336833
4623909
2378275
8812921
9527082
9676714
168322
4827228
2682831
1908806
1360469
1981901
856452
5242895
4773201
5705907
1511688
3397789
259870
1827056
2774237
1694067
6912805
2633138
1605496
4919738
3643206
7790272
2754823
1945879
162353
5941606
2484664
59889
2860618
6832688
2549559
5853194
2915775
2790109
7937430
1837137
1303038
1803328
3423786
9529441
6608398
3411388
4225144
1641480
2363946
6208303
8562370
4884608
6877917
6794316
5912778
217578
1218417
7682922
4879839
4407196
5908627
3573575
4692237
1510979
2888115
5851282
5560805
2295355
294479
5544590
4376365
3848811
172200
5848698
6110046
9601534
1401099
2463637
2846741
9875982
144759
3100707
4414474
2987479
1177419
3243886
3401984
1628827
7561690
3363761
3510143
8127201
2309655
6425131
5419068
6975976
216852
9859943
1693105
2855783
4602591
4100850
1807629
6978201
2625345
532489
1359223
2201769
2443808
1459272
669201
8623072
4463895
4364457
2285460
1644318
2422601
1915567
1434634
1222147
5605877
6843683
4200718
1982716
9201290
2988305
7109202
4732183
1480976
3468556
1346977
3557591
7542375
1961783
2360059
2175635
394041
2935380
948530
5201824
1107662
1211203
8286521
2565920
1883807
2928101
2296671
7234412
3801211
366961
7129935
1348701
650148
24583
885891
8122002
2951010
1382365
3685973
4690725
3909044
144429
156811
316443
1639614
3275025
5785482
2112131
31148
7809978
1163527
153288
4265544
2384557
1296192
2479401
3270074
1141655
1216303
1584147
4730221
814287
1738877
1343747
225305
1904929
1355433
37555
1696265
4129480
7664592
5505089
1645927
3304566
2355853
5277696
179580
1784926
2427447
2931735
394560
1489263
1494472
8183943
4862138
2650891
5233031
3273411
8700843
1440860
3319494
7313167
492865
1883949
1647190
2466686
6490659
3262229
4551809
1477730
1798785
1337610
6747219
2998122
9187188
8340216
7263948
4451758
1476258
9559435
2451819
2829661
6102512
2350696
1871511
5279228
2757821
3879291
6655412
6238702
8622838
4750142
1320260
1966422
4706459
2854362
1694881
2635949
1862146
847506
1970492
2774415
7288430
5504332
1762321
156626
1731971
134565
5709120
1816005
1751642
5484306
8231234
4261592
221063
3564818
1874026
9874423
1490177
4840219
9224855
9457107
8237081
5879991
1165734
3112254
5312090
2553996
3518972
291381
2589134
2300059
5755543
1521225
3157757
139682
5529289
112846
5228472
7424654
1865414
7350086
8464165
1165194
2512219
4861964
920799
3556520
2185290
4271770
7875870
3899371
2948560
1103774
4807753
2663474
4496738
275957
4459600
3151273
3766261
6981680
3289067
4214521
2560279
1934990
5804519
5854592
1520621
5307744
3876506
252412
9855963
5811400
4801675
2422857
1361212
7415733
8557027
4942218
5187899
1245454
1878621
3985791
5228178
6701126
2752292
1571168
1802173
4813485
5851259
1749162
3397551
173204
2637251
1186203
13214
2723234
6265725
6350603
2690462
8963300
3780062
385008
184120
2242098
7150331
7171861
4185165
2529844
1755475
8916438
5464957
4203321
1642889
5959794
319325
1115983
125614
2769205
3713790
7732123
2515263
2228549
1949105
2755268
2352193
562472
1587740
5271055
2202186
143950
3445693
1811090
7781757
1441053
1258799
2911825
2617779
882629
2406320
1681265
1770434
5819000
883870
2844300
4561012
8693896
2496830
3447621
5940586
1753143
8197318
3919427
6218132
2807038
2896372
1573342
2136503
2585472
2276537
6585925
4200988
1298327
9902700
2118595
7842780
3833019
6609590
5202008
1322171
1907818
3561718
5446190
2349174
2525137
2939032
2445318
1517371
4983413
715767
234881
3730196
3914338
1514580
4569934
9997031
8874421
7141437
2786514
4698628
1193273
4992322
5325277
9266436
3876308
6475931
1962699
6886261
2191856
2200250
1113109
5907599
1322573
4768087
2937842
4969940
182998
216827
7567589
5282240
5427879
7782120
279002
3756537
8620654
1410909
1636090
2740060
1305700
1977569
3170660
313378
6195124
4192935
1733768
274306
1896813
9520637
4438676
2529592
1765401
1183753
4847587
1260553
3983292
4946483
1408142
4553941
5219417
1201179
1881409
4431373
1501783
3435560
2327781
5655244
5158509
1577340
1544864
7435772
5967984
2257650
7921047
1335411
3911839
5955437
9259483
1414117
1136467
5345518
3486925
4912707
6280383
1896698
1791476
1326384
4935133
5445254
3295488
2929373
1115385
6955388
4500678
1363536
1317273
1981865
5261093
3236058
3452591
2947408
4511582
6238026
5673604
4814504
2542307
2264322
8887576
7897606
1978833
3259173
1912208
2655552
6712657
4201828
6717782
1738890
5325967
9115270
4883406
2866432
4768923
5387871
1443840
2333833
1798218
3313910
9410427
1660943
2225099
1877184
5804785
6978286
1481859
1259493
313978
1631675
960964
3276435
2556011
1492087
4358435
2954637
4184471
5288769
3413637
4986620
7409307
8742729
3279138
2611176
1273770
4919879
7143139
1310975
7664521
1872643
1473160
3589276
1244453
9992606
4873771
3529297
7799528
5523539
4892531
1563992
8105085
3996818
2307791
1319778
5484680
1271264
174752
2518285
3931755
1364117
5527596
1632055
333293
1296689
1136979
2631201
4981059
3915018
1618474
8329554
6598872
1784392
4485713
1606802
3985265
6278058
5783880
1362022
6775535
1333022
2623231
1972376
1603166
1516552
2513912
4483109
1572957
7270858
2580648
5471685
1344934
9439623
5618194
4825701
6537250
4944813
5344426
3748094
5758178
1680209
4352606
5865520
5540391
2861005
9738019
3303816
2679769
4701872
4962658
9430859
1261075
8451914
7704104
3802757
2181953
3709934
2242849
3690467
1414436
1130807
1471560
2555902
1457254
21102
1623301
5270431
9747702
1436750
2474545
7740205
2729338
1659988
4516710
4614857
4288945
1497520
5392671
8707888
7606272
9162214
2112453
1510802
8863096
214172
2135514
2710556
5649463
226479
147767
4346216
7177306
5908092
1334794
2456001
2949485
5133156
6862244
3414069
8646613
4443122
1999874
9732613
3613402
5434193
4399518
1534195
7437754
5686882
1923296
3801946
1935135
432837
3530213
596466
3429885
2554688
9965438
2316954
1903993
243817
1417621
5388909
5464779
7149595
1966369
1776891
3555227
4390817
3150441
7381084
6765700
1193047
2916713
2975067
8894220
3259585
1529533
3560318
1868412
14778
1176565
1826041
4190875
1130676
4437812
7330459
4459766
5473579
1334276
7579140
2832410
1740860
2278671
1522846
191268
398716
610296
4866876
1696862
1741930
586309
8567770
7140707
1428274
1523831
9842669
2978418
1979994
3358963
5433655
9493361
1322710
9127271
2531702
4148663
543754
1220725
1174066
1294509
113728
5935834
5623679
1638918
1857246
1432203
398045
9372767
632850
352098
549865
1141837
1209448
8823735
6702952
1823225
7722179
169884
1175579
6547036
9547555
1602315
1402602
1497932
1974154
2866919
6726896
3323396
2554482
2406972
9649033
5107351
1107653
2859090
2246003
5533483
4702738
9526075
1178533
1726629
1826998
6423112
218495
193617
1417855
9122427
2642142
7769802
2347775
1263233
2264788
7312479
1214045
7775014
66769
3762505
3725199
1660521
1494954
8668885
5678767
2178961
9604949
2524146
1786644
7880017
1212781
4120065
1663697
2336789
4916210
1696926
383985
4606106
2517096
9615571
7245908
925464
7952868
7377350
1673641
6612466
1337448
2499929
4472451
1162816
1735806
1373868
1588683
2871387
1477644
8867640
3172614
3318839
5138963
3114222
222963
2186797
6718400
4486297
2440243
4923166
1232214
1409707
1325487
5296702
71798
1529006
3151047
2588598
1829285
8167285
5637635
8350645
1835075
1586399
2945958
1613101
1992496
4405779
310079
4894809
9980136
2363245
4661401
2228441
8577247
5532273
1862268
4679943
5712135
3737629
2463387
3509266
5493304
5837225
141048
3984920
3763778
4797206
214505
1469444
1237989
2470626
3286953
1309322
1154626
6153311
3551826
9546421
2292231
2471944
8956351
8768745
2449460
2150076
1878258
9699990
252906
1711761
3477608
2945634
3179170
7968704
7557121
2158484
2791514
2256705
1920214
2982769
2111515
1395056
649023
8398003
7466628
3603549
4162133
6637783
382796
2160500
2435670
2545377
1505086
5159758
1217162
2320601
1739234
2215192
6827029
1271168
2708230
1521605
3734117
1543420
1315280
548085
1108104
1776697
3794364
3455361
3668990
3857357
5569006
4299056
142900
8543463
7589214
6883448
567791
4669016
295272
1104439
2786654
2151321
2395522
1561632
1853682
3368393
833400
1835644
2887153
8469729
2807141
3156184
8861421
958705
278329
3516401
7954609
5624841
1663486
4485702
2672399
7546658
32130
4146517
3681850
68149
973528
3879424
2701334
6781098
2185938
2943597
2727830
2529399
2439705
1630743
5663213
1834396
1938704
8444234
5657080
388733
3803750
8534996
1998457
2742551
1504781
1905611
1360807
5563374
3242816
1987860
4670907
1402293
2839030
4141525
1309001
1252796
2184237
1712717
1259969
819902
2944505
1759657
5151325
653399
7527822
3847750
321405
4295703
3146368
5472223
468243
5716708
1928356
8155992
2757404
184687
1748971
1429636
8244773
7117501
3539782
5173746
3904986
3181835
9683932
110013
2900366
4802632
8994306
1255712
1267430
2746875
529115
555635
1605761
1985816
8690698
1995504
6584657
7200940
1110284
1455082
3820846
2389175
7338710
1633728
1174299
1554622
8945837
6786277
8301495
1424864
6891050
2830295
1988447
149690
6899980
518911
2312738
3878118
9444369
37096
6420850
9899876
8110369
1382607
1849537
1496295
3899766
1147966
1447354
4115229
3622189
4744287
1312534
1379038
1546405
345669
1508375
6492548
1203912
279927
4170855
2913804
1810399
2659306
6790222
8531851
8313755
358575
2144829
2782733
1868799
2931779
163519
7763170
1484934
1261901
1300716
7829920
1870115
6798942
1863805
2203564
1750676
8360243
6606551
9464473
5284098
4447037
5402435
5440793
1124146
1906710
1163221
2349624
1699023
2920007
9201544
1967700
3637214
8926298
1714407
1148565
1520093
3824208
3483320
6907028
1582283
1626968
4399694
158425
3599790
5986848
6428149
3610111
379088
232431
1405629
3877719
1275297
49840
2117535
2387242
1691440
3211251
5137451
2471498
8205157
1981368
143909
2221570
4344310
1790900
4388837
9110426
4770924
1807680
1484275
9289449
2170257
7319024
1824516
1740005
2600517
4175357
8689352
3159859
1657493
2614742
8531009
1514349
1665298
3283571
3160490
8460980
2397993
7534086
2117294
8877158
6496328
1358173
126181
1315110
1366408
9303181
6626841
1219371
1432038
652729
7878820
2466865
1865220
5440225
1774924
1874946
6701105
1356952
4850403
1446603
9212917
4595010
4920716
1987848
7853609
1135273
1783844
7873324
1295217
1500301
1714423
3579976
5925069
3468824
3802866
6512142
3174034
1478252
2115890
3412414
6339954
2522139
3248186
2914949
5320019
1327515
5701865
1543116
8965498
4342324
3487966
1647714
1505495
258767
1144585
182315
4761166
7103669
4355305
7183822
1677508
1250391
9719743
2255146
2829287
1386614
6616159
6139529
2566229
6415898
1943418
2239572
6514552
1136524
3192477
7545796
3549673
5560952
3913552
3550505
1312459
3651288
5909238
1312017
1562283
6217452
6552719
5265647
3510479
6767122
4604521
8196436
4884840
2167078
287957
7534384
4372656
4621779
8594334
2856720
4443003
3809199
139
4642686
4366236
9457874
47500
6861505
4596862
3741509
145191
3886039
3842421
31067
4896319
2806547
4937557
3853421
4997904
3104532
7366609
3276331
4469402
521492
1211715
320092
2731447
1380164
4581560
3407173
6798995
9509544
1306296
1380678
2183855
5618570
1755206
2393601
4422160
4810416
2546019
4370227
4775128
5716647
2227974
288860
7188568
117291
2143129
4687474
4383961
1722599
5950113
6145962
8311650
3732937
2653197
1829075
2335428
162316
4339860
1488361
4921034
2970867
4350834
15685
1512452
2597762
3723078
422964
1761214
1284489
2986707
2186871
3130983
1491222
1362599
4781965
8894524
3975683
7981436
2359539
9249918
3208443
5557806
3981226
2156302
1779535
8233743
1546529
1619516
1591964
1682342
1571916
2132650
291442
1300267
3908678
866974
8102477
1961735
2388047
2810148
1377931
2589200
7296542
3117096
1654023
4473725
223108
5976088
1653916
2822101
4646914
6596048
4995594
1682007
2475694
1812646
8467255
4403092
4896442
1350940
1297180
7616042
1320722
7680765
9858917
1569879
4623634
2567559
2911698
2400851
1762431
1421565
1389455
1558699
4489266
8132390
2611605
9262263
5913788
1192260
2564169
6454104
3715419
7308941
9534230
6406436
4248480
1394164
1716656
1857119
2246150
197273
4162141
2443913
7875876
2315473
1419814
3177244
3299270
1641430
2411726
651200
658770
5784384
3612603
6673077
1680756
92969
1978778
1837066
9506764
5570714
1865729
5887850
4642822
1888906
8833852
1504822
146946
5872472
1888376
3296521
7953797
3779149
2654227
3968765
1169612
1128372
2744537
188096
1772181
8140204
1538490
2948179
4108151
3106524
3549587
2813518
243426
8327190
9755637
8494754
2558403
6450799
2587858
9280334
8526575
5113761
1400151
36153
2767990
3312750
5991554
3710559
1536980
2946656
1245956
5213226
6881793
637179
2987768
1106338
1772164
6941035
1753237
1736785
2238446
3111906
1593177
8184784
335373
2888867
2865949
591482
4917703
3560809
380693
2495196
3477266
1253563
3948861
1614352
2236785
5342602
4268360
1110785
2397250
1542014
1434419
2943825
7511407
2990617
3437514
2627363
3388863
1212630
3290113
1435537
1905180
5344106
7280386
1785957
1248826
2675105
5182018
2807268
3335070
3125092
1437019
2886439
1380196
1226329
3930273
3408267
4606955
6629332
2276487
2622575
4300577
1351515
832508
3295431
1876102
1488385
3314253
6375462
7662946
2205419
3374504
194699
9880580
3614108
1946929
7617846
464227
1555525
3960999
3123100
1301315
128190
2471416
1530400
5574516
8981816
2557792
1479575
8565266
8528443
1376304
2420157
4979237
2727906
18943
3106530
5871429
1147724
2648322
1209887
7677764
1404580
4770952
1968709
7273251
9685592
231542
1352848
6120060
6647836
1570811
1105755
1178183
2753055
6605921
4885144
6657799
7461861
8141893
2321149
1746467
2673484
588576
2292641
6736235
2617844
2426993
1580230
9397293
544103
5473614
4712410
5211335
1346569
1128643
2851520
7556313
9631893
4455518
1340840
7335961
936329
1246126
1429684
2283707
3212736
334525
5206851
1708722
4410862
8593921
3166733
3217873
2194182
5687765
2720591
1674002
5564734
2580700
2762999
1878028
3345355
2236938
2199295
2219154
927063
3297748
5349161
2421656
1514007
1547831
2650423
1353919
1724063
3868948
6970413
5238941
3877656
1757404
3766912
3576996
2568280
7255566
2615663
3399656
2455016
5300849
1388922
4909100
1430693
8922645
1267200
1755057
1974478
2175794
2834682
1872007
897232
9190867
7671680
1403459
9612629
3587202
7771727
3800703
1741446
6116642
4183386
6177771
2997652
493362
2475160
1337338
5149817
2841690
5393002
2445305
3351023
1777382
4494770
5849865
173175
2197764
738994
1825043
6339110
9630650
3461859
6827468
6368259
2537402
1655519
6838217
4691647
2842568
1737209
6947449
4869359
1210954
8584741
36964
2646888
8319445
1360728
3839555
2135792
4247200
1918877
350983
1221513
2468085
692300
2289483
2656349
8939824
1424835
1594900
1316666
1906017
8141072
1221576
2895078
3121487
8421908
5532921
7807292
9250179
1375691
4962522
1267923
1308500
1618951
5458019
4726914
6641592
3862927
8868879
3383772
197125
2840373
4248610
4800435
1920508
7648627
716648
1143790
3796299
1196245
2503684
3773548
5691907
4106822
3518142
7374293
2949329
1612838
9899374
4290888
2525558
1571303
2844616
1741511
1945132
1947424
5673696
2777516
121726
347384
2581243
1572797
3563511
1817871
4805566
2169905
288818
2838906
6568688
5411912
6329776
4427130
1155323
6857196
6485717
2735122
7116802
1566037
1371342
2788709
4281838
16716
4567129
2151114
3294106
473764
7184729
2139857
980915
1914331
7748162
354227
7938936
7771565
4746236
1170718
3240842
1786989
1738148
4495627
2242100
4970326
7106258
1204255
8766139
1590361
6557828
1838067
2844414
3168656
2936241
294900
6181441
3342846
1479705
2114742
1634838
1739852
233000
5406145
118059
5958953
2584566
1352683
4113507
1405404
9473950
1879706
2273958
3357441
7729971
2298191
164836
9862470
8480612
3314636
8547237
4298193
7463082
2869519
38506
11078
2303441
1218335
1330196
2530019
9953960
5804366
3767329
1721426
489843
5667518
5437042
3863694
9749211
7492191
2996763
3739705
1350965
1181713
1941908
3294690
4777706
1683980
9704978
1393707
1136461
1469239
5911791
319493
1619491
3869674
2704014
7549335
1416586
9859912
6890749
3722850
128015
2591490
4309401
2839691
2264998
7186556
2303411
9423226
8369760
1168747
6950266
2613345
1966630
5587777
3803434
1917172
5869363
1718437
3716437
4873567
9307099
2800947
2661974
178030
2464880
4979273
2459246
3245583
4904007
5886092
2141402
2107656
4758014
2170811
2198240
5396742
9555534
1596990
2841483
6232346
152372
1226170
8505882
1634017
5907953
8242666
1659869
4179352
1392129
2104966
4422570
1408153
3531621
7475382
6432317
2833373
1621672
3751752
5622331
222198
1740976
4876116
1283480
2259110
282067
4220988
1165345
2643331
1374105
537912
1244129
3760319
1376353
7191834
4252871
4821663
1237530
7701820
1922875
1875121
9283582
8903926
2835004
1246996
3369012
1659722
1696963
2837046
3158695
6493822
188318
92085
1158933
5421913
2905929
6528760
2414934
2855969
1924711
6665956
6809188
6840383
4919764
4830633
7197403
1861797
710726
519247
1677934
1651247
1501452
7205208
5454526
1433628
1997555
223263
6960282
7732495
6397908
1456295
1948783
1210826
6149095
4642903
4735353
4183945
1507665
9398083
6424082
1493644
1556162
2194042
1880226
8784180
412248
2878855
5240242
1764674
8939071
1232492
2929124
7834911
5908139
4254693
7381901
6492027
1993122
1570227
7140445
3491632
1362514
6109281
4181140
7486223
3343508
9812558
237292
3746786
1166400
3608873
1407663
2958914
1435079
1690909
2485185
8673601
8341799
2924475
1243346
3975615
2686632
5169078
3195328
6963297
7378602
9645361
2466591
1814478
2318329
1531707
227374
614039
6328219
1555233
1303400
1608225
8615843
1132821
8214104
7546865
1236263
3157631
9475313
5693184
1719743
1466872
1596007
3690530
1840149
4699235
1204490
457389
1174841
528714
3927006
2804642
4167489
472306
2138923
648773
6161954
7550250
3933384
3533304
5352359
623371
5922796
1782817
5298155
9533496
3910387
4198862
2406762
8931544
3160840
279647
1151846
952444
132686
8370958
3169890
2327847
5393282
1149078
6248554
2179777
1663798
2879981
7195352
6111416
6702250
5946582
178959
6605046
2804386
1852860
8850335
110483
1692523
4273423
9249160
1782686
5170737
1282737
3704556
2865675
2176841
1458146
339858
2133500
2716829
2762393
2123334
852599
4411078
6199185
2365860
5506377
1791502
3275938
4969831
1286498
4202132
1681412
1444502
9892782
1862250
7331830
3572958
2849941
2210394
279778
1756534
6878226
1102798
1368237
5355048
2792563
2227976
5527451
4462736
1704527
1568969
2576877
4309107
192962
1204983
7923067
6996651
6854511
1322191
2460312
7674865
3512607
2680168
4154839
6172925
1923066
1495985
5293361
1305994
178739
1184005
2597225
1135364
3139751
2640786
1354612
8272175
1575660
9615668
6880472
4951820
1352435
2891503
1318222
35750
5746959
1670378
3498194
9988620
1782141
5710072
3522335
9886256
7706023
1747404
1126732
1614413
18146
6967443
2985419
2735933
1447588
1901075
1902012
2317197
4381426
8689626
2949234
9512280
1195166
4632927
2907554
3298585
8790786
3287625
2872525
873305
3333301
1490879
1813741
6158563
3875597
1757951
4343090
6143975
1604043
6580209
89884
7859574
1150042
1103678
7689187
5535956
1371895
3361990
1295534
1307507
2718704
6721342
1467880
1961057
392604
9817335
3387337
5873682
8907481
140803
3671190
1753638
6633038
5895890
2463894
2911075
3414641
5562902
7332665
9723140
6768031
1898344
1305713
1867984
8473180
3702254
7135094
1982304
1992180
279654
6704967
3368018
4554165
1171252
1977129
5858699
4318899
2763936
5737223
1955633
2308899
7874395
8740867
1301295
1641724
1113844
6538348
2670255
1320036
2395379
3339670
4468911
494751
1382462
1423877
1380086
6240797
1947710
1298420
8388205
5912337
1816716
2706206
2116895
2449237
6355353
1502064
6274648
4796700
6234231
3770428
6554076
3324935
1178777
3654099
1613243
3461113
372231
1819881
9893955
2707448
6223449
1263216
1968601
1206484
6969305
2342406
2328488
572661
1780808
3864225
47047
1192160
1135165
1704451
2472895
3240312
473404
4516059
1658669
9660796
5418908
1179707
2900868
161160
8681709
2725551
9214350
2683870
1847944
3485467
5197588
2341576
2779734
4435069
1847092
1747937
576970
1104389
6945230
298763
1176912
5370877
1459531
8424523
119241
5834956
1690194
1677343
6874323
3999546
6608849
2875390
2248389
8229036
1925173
249252
832917
1317773
410471
1169806
1777095
1498836
1357846
4184754
1482331
3382918
266411
6346893
2170866
6787153
7904086
229719
5947515
1509393
1173849
1487430
4600737
1899932
5750243
391622
5558943
7151259
9999199
1623499
2601673
8734952
4917206
4419151
5406394
9950938
7232861
9930978
2517231
8467573
1587392
1938448
2688829
9961925
388759
8237943
2563453
1783837
5800951
4621797
1516298
8183587
3970078
3382702
1318789
7179603
1316437
4547294
2516652
1572701
1823547
1470970
1784839
1464189
1149692
6706505
7658229
1255083
2613747
280860
394161
3590691
6314576
2825266
6262741
4995237
4231300
4700246
4253022
4530512
6320581
7671414
1554992
2206774
8348881
7893066
3175902
5528707
6670831
3196868
1664865
1993171
4645170
355914
2138483
1274841
3320129
1888292
4492898
1354224
8423900
1316780
9286011
4741963
3329893
4314396
1282438
1629850
1542019
911609
1870918
1367773
9994455
4412310
174939
763195
4796990
2176903
3987517
7195088
713705
856165
2870584
1212397
1789529
9302259
1175
1186083
6493838
5395004
3969746
844159
1944673
4942245
1361800
3474533
8813375
1867528
9132220
2949112
2685364
2196923
5621244
4487691
345901
1876223
1604454
5787619
1571408
1216290
2776333
4746174
4171029
3423916
1422754
4498663
2425687
1422145
3477418
4981690
6781071
6904391
43080
2274954
1811462
1594145
1159792
4254981
7791330
4829932
9255838
1150172
4995768
8990663
558731
3768891
1644441
2420011
921613
3931466
4803610
449112
1891452
9749185
8755092
1430503
9495410
1710718
4141266
4370492
6432948
8643692
2133522
137136
3391522
1365106
7314581
6825034
3322276
1187544
9919896
244150
7163851
7782632
3369970
5690135
5602642
8765005
3361229
1602793
6637455
1270806
3804176
6877481
9859019
4787166
3336015
2165984
2205806
2717928
3722735
1407871
2977616
1428311
8546768
2702197
5554091
1198089
2678883
1415225
2408632
3304772
8298878
2599378
2511730
8338055
7486223
115968
9405865
8968888
3959460
1213681
162464
3153283
3810956
1948873
832161
4962920
2773916
1874542
1103541
1720284
1580664
1678818
4930525
1839411
4140536
5707246
6935026
1471439
2163466
2673494
1482221
3262841
3460710
1439069
1621938
2764837
7815596
1648478
1904954
4912788
7559001
6474669
1104156
8622042
7700918
3558126
2588665
3143127
1113189
7654478
1922472
4941739
1947357
2104388
3548257
1145941
2258455
1640003
2213002
1785835
151770
8867651
1143209
1218402
3530169
626392
28139
4394903
1851180
3420779
279316
7107797
2352119
1413536
5484393
9935569
2423314
8357329
2452980
3374417
5352858
4429098
8298511
312018
9542271
2578359
37210
664620
2334828
7541390
2842501
3514025
1364586
1723516
9780134
4799258
1145432
1261090
2775242
2626980
1428569
7559297
1747569
3193951
1106569
179402
2117370
8993379
1291338
2272356
3563996
596152
9113319
2154567
8371219
398692
7762716
4515853
6904497
1174399
3857200
2891658
5508468
8574432
1582131
3425600
8528918
2845860
1904296
1915455
2544591
1939486
5461445
3771052
4272634
6312199
3202452
1630408
1631060
1175692
5605827
2304165
4888162
1989238
1923533
3711890
2288090
5548024
1234231
4580880
532893
2393638
4796915
689434
1323653
3374416
9630540
2767201
2851700
253746
2929685
4880442
5516211
6111101
2801205
4710601
1351660
1975506
1413583
2513627
1335191
1187106
725731
4626038
3438313
1324913
4405770
8545300
715026
8844419
3130832
3229712
3363867
4561880
655391
6732061
2459929
8140897
170637
1307451
553420
3607389
3928556
292953
4249218
1248115
1468103
8130818
3103634
9656583
2478841
4987078
1804853
8492728
1965507
3398932
6441940
1980964
5400425
5445294
1553957
5187785
615352
2193750
1295797
3514774
2650174
4900686
4262394
6890892
362239
4830709
8378952
2612571
942085
5751386
2864354
3457875
2668706
6675075
1955319
2997222
4616739
1748648
2374175
3788782
1710854
5838320
5142744
1268346
1994159
4245657
725751
4141844
2890029
4275372
6711899
3955465
4992662
1653837
7928964
3801124
1757742
2213872
3562210
1247824
6643392
8948535
1656419
2314905
4619754
1916376
1678874
1579490
5552618
4608686
9850525
2776828
9180531
1314649
1555781
3114863
4538354
1915659
6847615
8148172
9591506
3784013
3349757
1910057
1981636
1503482
3472378
4291007
1379745
1872168
3839419
7889552
6268941
1902908
8684908
5780261
5137521
1853818
3686020
5479813
1673478
5378471
1775692
1749545
2730838
1657341
4498527
199780
57978
4222148
7790498
1574538
1198793
213899
486834
3978914
3219569
7931694
3173886
1110327
4545024
1409941
2114608
3160819
1461630
18725
9214210
2113161
580339
5623206
244087
9875838
1245168
1490953
753552
9411093
9759690
484204
1214932
423319
5375376
4774258
124399
2216900
1678987
2154348
3514054
4176758
1487999
3680583
1111401
2405451
2734541
3889964
4451813
9688909
2847273
5231830
4882942
3331135
9677329
179643
3724470
1220973
564084
5304102
190224
1215810
1426881
3102197
1709681
2407559
6694933
5508483
135503
566660
1771892
3212952
7200500
1728110
2500752
118520
1281706
3922267
4684438
1956125
8254301
1181570
5166598
1511929
1538658
5716742
1521963
5811271
1478690
1778449
1679562
2208676
1147537
3471344
1807785
2872062
1994042
3737535
2227011
1239047
1670974
3948347
5327612
1569873
2385717
2115688
535054
9479787
5723591
6307564
2131925
6326173
4196061
1299367
1445538
6928907
9705654
1261313
254711
2693130
84719
8367121
3843879
1404760
1280319
165081
1350613
2378935
2684613
6554178
1431449
2521356
3231291
9827356
4537808
4897466
1441980
4484562
5266815
2965909
1560768
1347870
8611953
1629559
1127867
1500667
2119628
3860078
1735217
3839699
9540297
291635
1930363
9165657
2616056
8431587
83254
2151094
2783661
2804508
6576973
3155520
8229117
2769607
8548622
1334554
1921145
1358255
3338224
3731089
1587825
4818551
6703679
5851836
2580721
4601951
2356431
3988831
440812
3340037
1511054
1545111
2224901
2246664
3723083
6446262
9721900
1305589
1760552
3111086
4591085
3609422
3556462
1778430
3319574
8323683
273788
5965427
7204966
162073
3666798
172990
2488719
4783923
2697775
1555337
418455
3637549
6742096
1980967
3930779
5978913
3547611
1371948
5895694
4799509
1608109
3694798
190059
1220010
7280371
3777247
1666666
2141256
2156572
7702095
1492450
1818746
2655753
2476081
1751478
2551304
2631506
7342205
7296187
177525
1414027
3843738
3996130
7586186
8470349
1937697
9889320
1254935
2502279
2894838
3546252
4513226
1804194
6165978
3442588
2760271
2874767
851888
2226656
6266178
1241312
1398594
4958508
365922
1836995
2300557
6924253
7809025
246814
1995913
6616515
5623207
4954300
3804852
1965987
3959481
3330530
2220602
155496
9590430
9189248
1367980
1770343
3823879
2179114
8569833
1461865
8122080
336615
4466832
226684
4915277
2212200
1579999
2638176
8430096
9247226
3678085
3211096
9551517
7559272
1955355
6688339
1930509
770738
8242118
4202552
274711
9116338
1807652
3280837
3416310
2472637
3731928
5239894
3172241
1672616
4777140
135712
1589069
8712748
646360
5188525
7846332
6100341
2886443
6356330
2544784
7893476
4801251
1371243
341124
6723760
2618337
2223031
2884217
8364005
9988424
123175
4579927
1451886
3854518
1602527
2364471
8310301
4234748
8259950
2525481
1922994
3895296
1579524
2530249
1142248
1232796
4130002
2304919
2547981
3801012
1738613
1198736
3509901
2249654
7420532
1943517
1902706
1352792
1843207
3618226
5409555
2498129
3415664
1247484
4644853
1311472
3208271
5790646
9808706
4119408
155457
4476460
1111641
4203679
1499277
4598317
4761117
1548295
3650705
2644753
7413078
4942358
9708291
2952875
6890110
587668
8187263
2965797
5261730
2677654
1774656
1577466
4651431
2778648
1186678
1501527
4222867
1311887
1559187
2809560
4554114
8499386
5606824
2409122
5910819
1938317
8757245
6894926
5385699
4420183
7917475
815594
1952511
1372332
4512650
1896662
5784678
9474447
3212780
2250988
3651093
1532805
1802696
5620528
1842175
3274222
5806109
3948598
1778690
2999491
2580447
2572370
1381204
2937461
1616857
992458
5286378
1908411
9729799
2600570
1132328
678856
5446289
2750606
2808117
4534965
1266204
3565360
2816412
6125604
8175850
320119
2836590
1536475
6464092
9521151
2465847
1432089
1968785
1176677
460520
6516439
1816343
2914815
2528294
9396097
5525737
6262758
1677390
9821157
2563900
2946772
1462178
1286428
658879
4988873
7158135
2480738
221307
365577
3848703
1486244
1726953
3804483
2512300
1577826
148581
7296645
4550882
5979655
9674651
8993794
445298
1247214
3587
570155
1666956
6561114
3655173
3472842
9679129
4426623
5692305
3302471
1233846
1367469
6163729
222242
5264794
2164595
6522596
6435931
4964789
3925429
4882807
3989075
1976438
1826053
6734701
3590856
4903954
9444914
1892488
3431777
7191379
2999707
7682283
1804716
1269219
2575403
9866061
5681417
9571753
9220966
2827519
1285116
2527401
1588522
1587805
1167387
9402212
3622088
5318359
7810036
4449234
216079
1161176
2464440
8576597
5852919
6501152
9122271
3375994
3908799
3720830
2935073
5872184
5806112
1588048
9247673
2322320
3556633
1172730
3800338
3177011
3650644
4331938
174791
73704
595372
3245912
5607438
8260400
2730876
4992230
1741995
6434662
1375261
1472603
5764419
2424475
1568824
643036
1389002
12876
2519856
1782903
8808945
1645991
1776762
8934193
898983
2398401
7202988
1228780
233812
9162210
9579760
1190340
5632045
1969637
3329993
3873303
1446310
3120182
1560783
5377577
2708577
695205
1283235
270866
1789957
1406351
7834777
3939378
1355323
3568351
2303590
338896
198144
411914
5900754
2328526
6229171
5101078
2477635
7958372
4893407
9791298
894188
8636020
6259280
68329
1965661
1662401
1620087
6409058
4449043
9683346
5108080
2147052
5312134
1740458
5976084
212001
1103141
9424839
3111681
4532486
4128404
76977
3820738
4469451
1934478
4415979
2268770
4863775
8402039
6422667
1511146
5590795
3398332
1143944
2536543
7984936
8431037
271579
1189417
1553269
6187772
3430536
2194798
1139515
1488676
3350915
2323311
1506977
1863718
7822412
4462678
2306097
1933381
1331478
9662067
8204996
8482702
1137311
9160130
7344984
1711666
1172647
4269428
3487917
3752993
2762080
1679504
6805761
1410477
7730850
2399319
4731461
1497717
9872018
3633424
6246806
195864
5165543
7932666
3502317
7913470
3526244
2180776
142652
5900100
1394440
1475103
6446142
312945
1333775
4850749
4341812
1756351
1465305
1573145
2448581
357534
3429397
3974011
276087
5377589
1759749
2896738
1392913
2183612
5188710
1539512
4888209
2904486
6321748
5688580
2227392
1812787
1301620
1652090
1143292
1470246
1711340
3517403
3984705
4807089
4180949
4981593
2884919
3456252
1474255
1535883
1625414
5138636
3143503
1736816
1102401
1199274
9945077
1171803
2113797
1343645
8685835
6753459
1150515
8993201
5543375
5902424
125132
5630736
2873868
6188873
117042
2528972
1557303
7690651
3356837
8514507
1157458
2141883
394057
1233041
2937753
1386224
2981437
2317985
5342118
2160336
4560071
330862
1784621
1718588
2523897
1283062
2681849
5835830
7251313
196052
3102159
2922906
8776833
3480539
4982335
1635178
1606316
1653706
248831
2410053
9523649
1756205
3698791
9507399
1640245
3849846
3301267
2999084
3942013
2539107
4963291
1255320
8910005
2577132
2937100
3226640
1207908
3712402
413284
9228189
1282550
7804550
3988578
1503951
9334895
1388002
3334107
3955503
9427540
1964913
5887484
1223163
2638250
6939996
8882202
1454784
4508273
1486024
2199748
145730
2561294
3171896
8189376
9259320
8778239
151064
2287453
122223
2629850
6344091
6363194
8425429
4712401
69173
6354592
4975007
4319760
239306
2626031
228987
6288274
1179581
130133
1340223
3807192
2348787
1130444
7966929
4213029
1424814
7873923
445285
7424876
3651598
6484541
3476823
2540631
3978387
1369629
172966
7281644
4526265
1452949
794024
5292373
1185901
8883310
7946968
9874072
2829129
2389149
1868425
2845631
9687802
170231
1552284
7741792
185840
2240038
9387771
3489283
2523422
3275574
1902133
2841112
1828554
1879116
9197563
3931633
4955512
1339748
1294143
384602
4883052
3679228
5253186
4388655
8293768
6631824
3219277
4883225
2186824
6187591
4316928
5276665
1313504
3706447
1667632
2810595
1286
1546062
1734782
4429942
3453822
5676160
4934252
2464648
5428086
1152482
2416878
1924571
1988592
6257690
4786325
1655162
1639425
1479495
9532851
2796939
1265539
1728947
226629
2425036
6434745
1200067
3239084
1970466
6561682
5117536
5564779
3502236
5554721
1828733
2377049
1802248
436092
1883649
3527838
1305372
1985806
3237399
2303404
7766279
1583088
3487997
8672859
1282864
144614
1200782
2971793
756870
2827451
114621
1543261
3822232
8567995
4472075
1154678
1690318
8891728
8997731
1952840
3597622
8789357
4572940
4171975
2787471
6678885
4809053
7137263
2835383
2128078
3336118
4377087
88312
6356404
5752927
3481176
5713909
3276551
610414
2496424
1524023
6149666
3596735
2353003
262898
1238245
1310128
5945850
2779982
5144756
2744904
9448682
2524302
5776229
2881719
1978297
141370
1388456
1991913
4622563
9824301
1175219
6219987
6699096
7579750
4588859
1174772
2223345
3195931
3983022
8128621
3800421
2104991
1976589
361616
1731507
254438
1806447
382846
1786796
1331091
9263224
1783551
1639047
6836609
1677574
8758003
4953372
4229937
5382082
1706014
7242757
9198121
5486132
1413670
7790742
2174885
5195955
1217580
4375849
1313658
2797580
5951355
9863877
2380803
6328561
8590239
1482021
47192
3806426
1243753
122632
7507140
6550778
8197077
6558182
1434738
8795691
255576
9243941
2924483
4712749
130373
2947450
4691034
1514117
4912690
1179410
6343590
9612054
8271966
163059
3847668
7692156
8218190
1397540
1433493
3106214
4705154
4711713
1156379
4261207
5807331
9445659
2983500
9100987
7690172
6407031
6938714
1732595
9485140
1100345
1811835
346221
4130375
1724277
3375348
8630548
1705376
1907329
2302453
5741103
4588339
7999934
7842564
6169818
515690
9554762
4183245
1423268
2817017
444206
1681795
3562705
4815162
2254647
1847316
1670846
4477991
9285076
5883860
9781385
1982659
5176821
2500603
2900085
1147205
2472742
3887556
1387481
4263123
1908478
8313387
2955707
2552248
9755540
3915567
3362605
3176774
2217282
2708153
6503969
2214586
2317663
3291126
5515130
450770
3813727
1107568
1429352
1376936
5670008
2278399
1271218
2221066
6656745
1754342
1470660
4856478
2623013
5908976
1218286
4148150
9784058
3645390
2209577
2679530
2423082
3242419
2200739
1763789
2816692
6692403
3897999
9393754
4116579
5314299
183675
5995668
1992186
5847966
2686092
4367649
843205
7660037
1413275
9112631
1763444
5355627
3564748
5419811
8626025
3726793
1557622
2144022
5162532
1576895
6726220
1462237
2686049
4651510
2600649
9268064
58078
3987962
193652
1119674
8715741
1581862
3550356
1219026
1131518
1613682
6293061
5615748
7366249
6914582
5230910
7958217
2577362
1542286
2159733
2928438
994313
1142356
228859
6232008
7935872
9419003
1678876
2829244
2194682
5795066
6674622
6605058
2693429
5841572
1150824
9865689
3649705
7708546
3318714
2916931
2696915
5954870
2109633
8122709
1152226
1394548
893774
520497
1869305
3439968
2519801
460650
1835719
459295
456962
8227287
1241094
3448803
1513792
2530476
2241759
3586872
185934
1410946
2340296
3306759
4384743
1149092
7983851
3825906
1149745
316467
1327390
5521504
279709
2562142
5937013
6514721
3685805
1245695
1136424
1995813
1833766
7273250
1712398
9854484
4208292
2126182
1502708
4132511
3451042
1227264
3648504
7108562
1234962
7295824
7786458
1895580
1634685
5416016
3939796
1508090
4155860
1327407
6594771
8597615
2278788
2312065
329880
1240766
1185752
6503002
1704118
4458013
1850963
7324553
2679646
1835975
125084
8933501
1324744
9200055
8299041
6581501
762825
1908492
2285432
2676256
8418158
1531769
2337342
4401710
5566425
1291860
4938555
1587893
1220668
2431953
344261
5274250
6595492
9739461
1608413
3946876
8403231
210761
3948615
1347086
5139044
3484131
5884679
8531458
770601
2635614
1521888
1343316
6216925
4513154
3953942
2888719
1538045
4743345
1975661
1681297
9787373
4761347
3204351
1377961
2529932
1439471
3938298
5599112
9695643
7224433
2263452
2658378
4232439
3288215
2824950
295733
1453647
5891892
4166076
4987124
1598869
278682
2189421
1774505
3414334
7695130
6935418
1821435
1956909
5971309
1577236
2652794
1716251
1847749
3901453
129331
7981795
1273776
1948977
1292853
7705440
1174257
1593901
1712955
426195
2877687
4805511
747991
7903165
7950446
8946283
1215818
3624122
6741936
4465387
1665363
1962913
3910645
3885889
3687895
1825608
2312236
1345614
7637185
8199545
372523
814838
1986685
5755663
1880887
388149
9659141
5860605
3373761
14881
4852746
1715638
1910322
1652674
6346257
5226754
1253891
1264519
1184562
9319375
8527996
9349574
1727494
2346636
7226726
5365838
1226051
1782171
195976
4555396
1349240
3773799
2237999
2451651
3971217
2183090
2736930
1382153
516124
1570460
7469581
376747
1757798
340505
1708747
675892
1599963
2818456
1394281
4689414
1328503
2201774
1725866
3918097
143466
4543182
5402682
1396631
691796
459691
2547752
1475552
2516054
6964778
1384581
2673481
495337
6495442
9246296
1136031
1138401
6363921
2629021
4631437
1992789
4772772
2296077
2662303
6878733
1719459
6203244
3650682
2684723
8831610
922532
160902
3176271
9556120
1152216
1763486
1429652
2328530
2558174
293626
5442037
8730488
255729
4930692
210100
7342781
9711617
3950886
1641843
2851925
6128459
1510266
2383281
5618875
2852722
4566845
7843781
9838854
6129082
6477285
851395
4429999
1461596
5817351
1953369
7162071
6875842
1273957
152988
9394721
1705100
1890579
5322579
4754563
2436694
6155871
2584519
1373071
6785583
1974189
2402099
9444752
2744592
7266671
2908830
1227747
267627
4275040
1235656
3341195
81585
5399141
8873248
6576475
7906527
6472868
1480866
6372045
6616133
1109134
3334651
4284207
6762635
1119731
2430004
1696224
1977965
2636508
3488562
1823556
1228935
5901274
7523088
1316835
2394602
3697193
2364729
3201392
175041
2306705
1918523
2512308
3125649
8240266
6492238
515776
9641250
350404
2172967
3797859
5743920
3709535
2765225
3172346
2715930
16503
3471773
4761156
826826
5548203
5609134
3438088
2462903
1962408
2967536
6117107
1583864
2256171
6306739
5816993
2116065
1633128
5105631
4419052
4209839
7146168
1672398
752754
5276877
4175137
5584595
5904157
5217428
1723433
8776234
7290704
2719617
1470557
2624614
4818964
2446208
1948975
1761662
1940903
9464761
1114552
3868340
1377989
8454749
8761176
2523814
1236225
5744589
5994568
3807456
1536027
4150408
9945870
176779
2298693
7521340
4826602
6838671
8242894
2304546
6782709
9950134
119889
4795477
4822074
1523032
2790662
1872518
1635928
4194671
5625431
2462360
3831649
1497883
1631038
8599841
1471970
339786
9441405
3854559
5868742
5780458
2338190
185682
4144650
2537904
1557318
243518
8145898
2211720
5278585
1867567
3780981
2878614
6687933
2293934
3380050
6702336
1696974
1268421
4255270
1530476
468533
6458887
466223
1378857
7687830
1370211
583374
2598340
4531172
278606
1414455
4866450
1753064
3353472
6945941
198765
5727958
7670952
3289355
3169468
3552646
41796
2671303
6840256
2164035
7476086
8534003
1640003
1442854
1661567
5147740
9999939
195895
1982295
4954141
6782791
9801195
110531
1554328
146154
8509549
4101994
1222839
1637268
1294544
616335
2294629
3515384
4655158
241050
281761
1705562
4136818
1896467
4725818
1291585
2487996
1659688
3482054
1956814
1663188
5361207
2655739
3395486
16023
6222470
7263528
3157131
1108631
6168833
2955126
2193163
2619825
1470440
7349901
1981213
3179083
3172522
1581525
1919018
1414783
3192251
4152531
116723
1150386
3140959
2278441
3724461
2799244
2268476
9497554
3968471
836985
4840844
4427904
6674155
1577555
7512602
4284340
1886821
8971685
6762446
3670857
8441266
1405403
1172658
9556616
1669775
242161
2316402
3109746
1343963
4403752
5118798
3709556
1206768
8564855
1188920
9801641
9235322
6584301
1488788
3412329
7494444
2942416
7418462
1701562
1808389
1201648
388089
1586749
1584239
3292354
3280920
2838858
7737616
5993154
5895739
7586988
1638597
1462141
1773496
1237464
1886676
6868977
2249539
2578064
1368993
1879263
1912718
3503480
3268859
189622
4723672
1250882
7615383
610373
4806866
5620503
1559162
6975466
2371020
5243869
1197268
2909250
177569
6108557
1620367
5138714
5550501
2545881
1861178
4648884
6500698
2554837
2566129
1964086
9662809
1395628
9121208
3479485
1281438
4871892
1930936
9785141
1330787
2995438
6525938
9237909
1585381
4180368
5605715
3303217
5383995
7291103
8368322
1203139
726167
7720081
4728100
1750429
1169197
1150545
1319894
521761
4240085
2546803
36913
1986068
1594933
342534
4511362
1279316
1162469
4336732
7541677
1773196
9878829
4515224
39342
6172858
1140962
9785011
1994642
2718192
5296650
1142698
1547188
123263
1795596
2875890
8286440
1796321
2901827
1129896
1862040
1717166
157886
8191716
2907080
1178064
4109299
1662206
3120807
4421756
2844956
716615
3996928
3133996
4946605
3837913
1181228
8676743
7660719
4654721
5898129
6530595
421689
547190
1377293
350806
8918296
5363583
1209524
1320803
43526
2138919
188927
4974214
3584866
5736432
1966971
3690830
233637
3395427
3363337
3512839
1633597
9567654
4155340
2677562
1300040
4184642
5851125
5659412
4781473
1205960
1348239
3383248
2245778
219840
6691016
6309516
4589535
7807284
3704799
1826864
1616083
1914651
9938333
5188378
6576185
2689325
3321417
990620
5826421
9752018
1151583
2760590
1499001
1602663
3598816
9365607
7742340
6214790
8868709
6334379
3183004
1782514
2581623
3601829
3431305
1108547
4476361
140190
1460620
9868692
3662466
2951913
5488475
520290
2510759
4997490
1191767
4546638
1778572
3319863
1546139
4931026
1777486
2346120
5195340
6990458
1306900
1740221
145572
5120727
2220777
488514
1715588
9749384
5858944
1156335
2951706
9341743
5646129
1356731
6909073
2872821
459942
8362245
237621
993417
5400266
1672657
5484435
6308653
1220026
6533116
624614
6779203
5274726
312424
8272741
1730176
2365787
2105338
5758301
5829606
71139
1656901
2502269
1915212
1511984
1280922
5816546
439652
2212642
123721
5471912
1914441
6517429
2723250
1468757
1675330
36552
3650765
658502
8387452
2639015
3424952
259775
2804296
9162742
2855502
2363140
679489
7970258
2346138
1506520
2535938
6186827
7336380
2421447
4699989
6331282
9934431
1410706
4338902
3786795
1450085
246009
8564402
3838870
3858406
6905673
2379432
8571148
2490074
7883427
2861400
26837
6434876
7231541
4716652
1542868
629724
2283582
3526899
4328490
7505065
247169
2952180
7881703
9323035
1320999
1113215
1529998
6474650
3742889
1274997
1907546
9150041
5961997
598148
2339800
5596151
7727567
5319292
1549347
1613624
4154049
3189436
6159418
4867966
1163281
2108749
1468763
2759913
1993686
6516849
2148170
155968
5116051
1301468
1741315
3786604
7168507
1622126
1191262
3487870
1398421
8705881
1326665
2307280
3429793
1694940
2396630
3854789
4547142
7158416
1995447
1729107
9965125
1199617
7782328
1800767
1530901
3583097
1478032
2630731
6557571
7519477
126616
3983694
3786241
2523122
5670275
126357
8335563
9883753
2873848
1458558
1458997
222996
8340202
1230378
7522933
1384056
1304397
1830701
2174138
9504155
227303
2873891
8736416
2221964
9640811
1619920
3880782
8967696
1483586
1101031
6472854
1459087
3832616
248914
8601564
1991449
151830
8643407
3939097
1300013
2603627
6499869
3991565
214596
1153393
3537078
7945242
1549877
280501
3735481
6882470
2373589
3391749
1423251
383927
6406457
1957167
3962831
4626505
3140353
9603740
7196460
1128032
8190696
467623
8905948
1455087
4394966
153250
2560254
5512138
2698765
4972979
5508147
2685561
9629073
2681577
1251613
2313313
328744
4731581
822908
7397838
9312978
1660723
2452456
2212155
8314594
6496192
8127326
1256116
3777587
3237515
5515711
1179861
8383789
547191
1286737
3545657
1863964
3171605
3502000
2803113
3571279
5819385
8164932
3704359
9292746
3899967
3767247
8990619
5597892
4955201
3648549
3908202
7652604
2265164
7926450
5652930
1691092
7726145
8213604
3520536
2631205
479981
1969649
1617425
5565121
4121318
5528358
1196511
2669638
1878143
6606407
291841
3492357
8615115
4582207
1988362
1242049
5383272
6466948
558436
1186104
7213156
2957242
7228080
2101782
6223569
3170184
9244115
1112450
8355478
3215302
1229319
312118
1352360
6934452
7650771
3287363
2752850
1503643
4562845
1658993
1153023
5601223
4663178
1896190
2874308
3310782
8214457
164067
1969393
718733
2910719
158556
1549405
6597497
2707620
1755970
1542107
1484375
3307457
1959235
3464436
2940700
1984303
1751731
8533284
1218098
5880710
1282053
2547998
12539
1301125
9499122
8595759
1857069
2981069
1737059
5966088
8991229
174422
3146970
1811766
495462
463798
5353795
1271441
2270287
2544248
6901412
1267117
4719869
3657538
3663456
1664318
1580570
2230838
9635636
3218491
3944059
4672698
4599861
9762311
2409802
1684187
2297720
2337957
8991608
263493
8611429
4755130
962275
2671554
3321939
7852469
3354860
1232705
1724631
4370572
7870872
4719971
1284144
5818515
2161314
4489157
6467290
1739748
1529773
1975003
5124543
2532007
28426
2947780
1365784
4836538
1790904
8220941
2154866
3662534
4846230
1681858
4120872
3914837
1625787
2656652
3221436
8815590
317473
1204933
2853400
5299232
1574000
3491029
2442511
7482159
6790644
1265727
7729752
4200793
1707894
6116553
8926025
4902434
1753254
1495388
3117828
2943452
2910231
5582048
1390159
1598905
4434606
4131045
1563609
4462819
2567190
5513476
1753649
2808281
1907988
6525315
1816098
822798
4798245
2602395
3541523
1663753
9305945
1731426
1933548
6539567
6797149
184711
1471430
6783336
1940649
2446127
2777738
2447655
1890725
1819692
7380069
9676664
8516470
1117967
2718134
1818367
2298700
2955160
2921884
2695492
625307
9919164
2763571
2417594
5253650
3194733
4909396
8223609
1748115
4791037
183768
1538876
252535
4783168
4954166
487245
1635070
2294975
5798664
7434548
3848132
1365007
5586087
9841798
8520377
3316848
1660315
4512773
1334097
664149
1528986
2718655
131468
1435011
7136377
5474656
3295822
1647099
318006
195658
4805219
2128547
8815402
5287145
9511525
9476689
6358772
2147275
1511027
2816750
8491197
281891
1679105
3109254
1371104
4824506
2155333
1657032
3436931
1381869
1325530
786031
2760807
4709741
2300292
5686892
349454
955666
1485577
4769902
3293928
6893565
1313121
9187981
229215
3456915
1942456
3764868
5888868
1404030
2882074
2134660
5760082
8680870
5589973
4729916
6341065
160097
1847178
4693270
1968834
82543
482370
4613547
9515176
2534822
2550000
341496
4570882
5192781
9147946
1533194
4690093
1510113
3830103
3240167
1406147
1871584
3479449
1196663
1377446
7896754
2430155
1190326
1113694
2857945
6624793
1886550
1361254
1403338
2164574
3664361
6287438
1720809
2585682
4767507
1435760
2271749
1750148
6686788
3620197
3918716
8366065
6395122
5825508
1338418
3703113
5928929
8921796
4712909
6388158
1270305
4749401
9928929
6629395
5883128
9165670
5390710
1327061
1276112
1516683
1207317
1766020
330945
3472402
2197130
2490646
2708235
1118427
1219105
573624
2123626
2141834
1583429
4544806
2857497
2153320
5294659
2623264
9499616
363021
4485827
1389634
4947027
6608014
4401374
2472022
1135412
4107241
9286859
1616942
1185406
8616287
1258118
1631079
6398698
5476005
4119118
1673806
3795374
9909792
874986
1520728
6287962
7659069
4315214
5446555
1525640
1101465
256816
2120671
1596343
3722272
2883294
4136981
3804132
1542858
2597346
2752030
1254779
9684892
1946462
9854975
1672759
3511218
2124719
1922883
1423652
5849669
5923997
2805274
1895666
1888011
2476985
2862869
6382429
2165955
5641575
2580801
1402362
1808868
2983073
5674245
4954006
261389
1923370
2113783
1192255
8235691
2753556
4990632
9558245
8163230
2625875
4402509
7129959
3398129
1512093
213572
1547364
1922072
4449544
2658146
2680916
1450170
4642375
1679204
2971096
6195321
3456397
8312226
3141316
8939224
3474417
1813921
1673045
31595
1115506
2939597
2950081
2483209
4636649
9827163
976494
2441206
2383972
2313087
557112
9449231
1409589
6889228
1629575
1723869
1292246
1186489
7469396
1324442
2799795
6325081
1662532
1753370
2330350
1494239
7812048
1134915
2880895
1900777
5419323
8409801
1104351
1136903
143985
1994391
1794835
7738306
470781
8674535
2443404
3621110
8740496
4476211
6687762
297147
2726349
1429252
7971066
3702361
8136339
1627963
5632714
3954254
4575530
7880946
1382862
5243292
1445822
1463427
5833045
168993
3642666
2148931
2688976
251169
2618159
666236
1369119
7567397
3473665
7411928
2979585
9867660
179822
978028
6403887
2635249
219193
2415285
1656964
6227217
4744306
2363477
2501116
2611965
370541
1226543
5839858
8551508
1601583
1506895
3236306
49891
6110336
7103727
2835458
2822010
2919478
6233333
1718400
1518863
4385501
155342
3705372
7113917
4869267
5429625
3570509
3771630
1147937
8566759
9304470
5410974
1231987
1810411
4749826
1649000
1715094
1589022
4359619
1715129
4504834
1227926
175992
1854575
5286376
1160556
1679747
938204
3146691
1545168
1398146
2918148
3304239
2982650
5988077
7317933
333719
1947600
7398618
3165734
4901083
1281353
1190599
5845302
1616674
1468368
2112739
6309729
1515718
666843
4991117
2220624
2499939
4110666
1823924
177357
2186364
2416087
2901191
1330620
5678558
1811164
249441
9296337
8690904
1946324
2847219
214490
4962863
8277715
1644174
8169982
4538394
1860938
4789013
1318898
1410569
1872947
5263701
185858
597035
3640743
313095
3645310
8273821
2376617
4549820
3973875
1803305
4239282
396258
2469403
280384
2497311
8214392
1252293
9294299
7909513
2113985
1219482
4279234
9685978
7564692
1175539
2604169
3893099
5138592
1755814
199342
227508
1508088
3877995
5242467
1526917
5508495
216108
4511011
4234722
294912
1396547
1394136
8713782
6799843
2637936
3358344
2764424
9137222
1719043
1533918
362199
5663423
1681635
9376240
3470844
7663526
4288568
8304269
1569672
4918219
1507153
1166190
579122
2292946
3436290
1952546
7338899
28620
4918255
8645970
1357093
3509666
2839268
1309602
43929
3939790
2623593
7180288
1781061
4988862
2750380
1311601
7726973
929760
1989115
2690950
4108576
1167983
1157479
3958216
4570966
6793404
1293323
9178829
8115592
780643
8434742
3815071
3611905
5426920
5322585
3796732
1343108
1863082
424766
9528911
4603084
1380307
4843637
1264352
231380
2512628
842960
4724179
3278459
720999
6609351
1200371
7136516
7805360
3544302
5267021
4546759
196541
1159200
2533201
7945565
9534544
3155494
6434289
1647760
3648851
3778612
4258482
149604
4260656
857722
7593486
1335922
1420387
8810601
4332230
2160454
4194374
1922501
1909977
1146822
3955646
5996022
1549547
2721326
2962356
2393108
1549310
344449
9227438
2391899
9269339
1571828
2198359
1115896
717097
6820164
817540
8105155
2628543
1537593
3428015
6670287
2256356
2234690
3140978
1590163
2219056
1157993
9466716
3796106
2334024
8496501
2533640
9986256
7792716
1769771
3397148
3947870
1734400
3308344
5604734
153492
9499002
2839477
3964629
321674
3527626
2627589
1331314
3602674
7133165
363301
4558113
1242858
3262849
1276718
6496623
5443204
4424735
2350086
3141786
2687275
7457005
5626655
1382245
6440841
6312504
1346763
6202301
12314
2803455
2997354
2629173
1171646
9212116
2507388
8578481
3579419
722551
8769895
198264
4394696
1700337
6609586
1515254
3258173
2352948
3179152
3160441
1846279
2396424
3352021
9249846
3874888
1311858
2182757
1603407
4236729
4613306
4605135
3801171
1514162
1576656
2591499
1298782
4513155
559968
2758889
2383046
113226
1498504
2231117
3331501
8733676
6413005
2380750
1441072
5159360
3820409
1962039
1965663
5742337
174170
216251
1516932
2604321
1236704
2471352
8776863
3427769
8638431
3835
8656021
5435401
5673283
6589880
1605020
1626080
1443120
4438528
9410097
9458864
1701506
2341586
4620635
5799773
3359188
1424309
1691713
2410694
3437286
8277887
338138
12359
4851024
5152130
8952058
2524070
8877482
3338427
4434852
5342351
2228362
535038
4738832
1498673
2541437
7290288
4296584
1451083
4439063
4229742
1798108
4604087
1158007
2282086
1616928
1254421
3173610
4127158
8672115
29606
4612742
8799256
5881486
8290591
19729
5386866
2317543
1730312
8707972
1292369
3540119
1826076
2857646
2500461
7206145
4678373
7391840
7867118
1724504
2247682
1704183
2410343
3302848
5295820
6115572
5568049
1307633
8937730
1348276
3292467
126633
3147084
7206718
4874208
8985876
1129132
2797676
7154177
3945517
3845298
1198757
15938
7426990
3626322
8262744
5719656
3187926
1561812
1230
18369
1515145
4641588
382555
4268936
2762238
2896743
7212990
1582262
8491757
6627231
1840047
1876270
1936101
1649262
6585226
5567584
3187465
389259
125119
2565914
4785646
6138994
5395224
3483246
4768089
8565551
1111348
7552052
2362605
8821293
3765227
4899431
8991474
7268579
5784329
1599015
3649645
1738667
1604315
4474982
2143485
1234452
9959761
1235139
1874349
1460725
2656551
1707282
7742880
1159800
9468906
7284060
5396158
5800944
9673325
4883770
1604658
1180976
1925606
2256781
2372585
3728003
6301102
5450347
6654271
184453
2374936
5746066
9309518
7667560
3745127
1170859
1271715
1990075
3421442
1476176
1512760
2840754
243006
9101371
3280126
1467675
68323
4805513
9321585
7304448
3287109
3267799
3769575
1315830
1272061
8527453
1765704
5778378
1641039
1222744
2478199
1335657
1550059
4128894
1177732
3860700
1197507
1851427
1743076
6244811
2116360
5238251
2390676
4855686
7961415
1273817
4642694
5568055
5279809
1817807
8236270
1610431
2669119
1407220
1760102
1570721
4690857
5957463
758625
2223975
1648042
534106
677916
6582729
9725613
9781638
2876203
141054
5233440
2700027
267843
7231819
8689948
5390806
124862
1624245
2831918
2687761
6838029
2469643
3830292
2363943
152767
1614246
1340397
366875
1954132
3696245
1435438
3965658
6343516
2751382
2946361
2633439
29395
1412905
3917737
7138792
6498096
1498442
7123525
7155683
179592
5877441
9846481
2406504
4126821
249812
1242244
381018
510430
1284261
3335331
5231510
2665720
5517514
2350168
1914191
1420168
1869095
5577098
510989
6755558
7832463
3553683
9122464
1198347
1329963
7570044
7399194
1392119
1401889
3995950
4987806
2399940
1507183
4140632
1374201
290848
1220925
3194232
2192168
3306485
7227354
1351055
1251178
373252
8994673
3857675
756341
7355253
9137179
7890976
5659888
750595
1863903
1698500
1801456
6998827
434546
1721293
2285988
9968448
5850485
7257064
9125554
7287687
3333658
2189171
2727725
3804171
1290032
3871564
4254904
4309971
7975767
184469
1674694
199145
2349686
4738474
244045
3218230
1220017
2568139
4101510
1154312
2519854
480302
2646892
4164325
462187
2715840
1561562
1900132
1875829
415047
527241
3538466
3939149
5593499
3101748
1934617
5686214
1223728
170930
1520627
9139502
5523331
7408738
4310879
8417318
3703385
1583694
3707002
1847260
9945500
2637976
1968202
4341863
1797409
1494617
145539
1355214
5204967
1883255
2355992
3863495
3969200
1269891
7715068
1622456
2522039
874579
2726427
2610852
179137
3469916
528409
1744813
7235989
1709656
4990051
1737777
3725734
3508227
5840998
1329862
4810402
7747100
1361232
378282
151219
1186678
2399244
3897855
2510532
1603435
3795458
4105127
7986303
3685227
6327680
6893329
3518976
7502610
2290364
2865328
1408112
1432316
2960725
2757248
1499932
3198907
3990310
1854602
5134392
6548492
9159390
2506914
6547020
3536849
6283663
3782990
2814840
3263841
7670146
8946199
1809040
4983904
114871
2853687
1780516
1345926
1292653
4786667
3285991
1722441
1829308
9872621
5293394
7509207
1507928
4331804
1117351
3694156
3921754
3437304
1299659
3613519
1444756
1538928
1206810
56489
2553598
3809789
2310929
9146924
2815510
2229466
4504684
1326220
2602542
8274853
7682609
3773983
4893857
4611890
3659823
2570907
2183959
5296987
1566919
7737648
6741260
1502114
5608343
1733192
4823029
4999215
1643163
8222895
2732815
8904555
7187664
2619340
1857972
1488066
7734174
3893690
3356960
6908614
1227440
230141
5959056
3475004
1363858
8953732
1113125
1781951
225136
8148040
2646642
238528
9556412
1507897
3382775
215678
6459402
1408392
3646114
2559633
2558131
6315553
7386125
2364345
1910134
2168854
1277262
1387201
5422442
1713428
5740804
5543550
6868421
5561743
1892418
1786193
2660184
5689571
2243133
227224
1558866
1784497
9466023
3255691
3864934
6645834
4756241
1816
3945683
3919515
499371
7141659
1459079
1268359
6533212
3302366
6663368
4878647
5933622
3769406
3345792
3886919
2979298
2754645
2373503
345532
1965558
1595774
2556084
3112165
6282140
1920702
6399947
3901663
1385928
1936564
5881420
4649211
1906292
4128292
1292785
3205589
1794471
4884259
1122541
2482211
1551399
123176
1249529
1363517
1787515
2873518
7513912
1259314
1920195
1776090
1146939
2289713
9357050
1348483
2255208
3835900
1318978
1518319
2530881
4422097
6574081
4960292
113348
5345462
8987879
6705492
371322
2650967
3127470
5770312
8859206
1163985
3935213
1542310
1647965
5951981
7351932
5778160
4356019
7196171
5322755
1583751
5546142
26323
2202171
3552394
8666147
2910369
3362743
5570051
956936
9708105
1184414
4737143
1149858
1874371
1978143
7621014
759084
1163609
3957004
2529893
3479468
6701806
539235
8187075
2486260
7559675
1873997
1497961
3515784
1594006
2108121
3935341
1700788
1662803
8986443
7456944
9312402
1191113
2885456
9437753
347161
1254707
7479913
3505013
1607706
7300964
1352906
4577016
2385727
4320884
131511
9572159
7365002
4135598
7623209
5579359
1542707
4786226
1132573
1668065
2805406
6433611
1872351
337237
6961060
3667809
4412887
5837666
7538094
2973026
1272215
1174858
199312
1556617
8375454
5616114
487169
2897612
1854879
1800967
1386939
5862264
5174745
4228954
1607021
6137310
1756779
6776170
5628431
3447853
3192408
6899952
150831
294643
8114076
1339782
1944960
3503912
1955381
7244738
8285182
1648887
1616307
9506368
1384245
8217461
5109076
7456722
4771436
4939117
2195326
6423434
1433414
3429774
2976359
1610102
35832
9805371
2952319
317338
1939345
1325692
4505446
1979212
5747280
3678117
7730765
2876855
517482
1875808
4546284
5253810
295198
1147061
722802
8188130
2153911
1149845
144551
2714517
1711105
5395046
1371796
1860376
1678050
2723323
2997993
3889859
4539911
1433264
6952156
4429405
6662991
156364
1829549
5187571
1657479
2240012
5565510
1837033
2175593
1802642
4519124
3753806
3299490
3548205
9353529
1289730
2486860
359790
1735901
1585696
810473
3736786
3726139
9942538
4268272
5587192
547360
5201769
2481381
2261475
1354443
1981365
1299997
1986521
6741724
493160
8973643
6837338
4814514
4912997
3845959
250544
8968356
9509576
1106632
4929717
6417758
7468074
7180081
182229
1799233
4772100
1555753
2677811
3793370
1443851
4165528
3183503
1877141
9257305
1157510
5638893
7322788
7757713
4182075
2535177
1389014
6521812
4930034
546847
4855815
2496523
3497752
5123572
1221802
7637720
1366394
598884
690128
9781327
1529490
2931787
5213980
3256406
1555547
5691535
2579618
3523725
1682663
1706163
1616150
192568
2896625
2173773
9315414
3531990
5525331
218810
4422371
3223204
9670166
2255934
5988075
4983394
2422108
397491
1129844
2207048
1553852
8565737
1535241
3491633
5304980
1939437
8593581
22037
6790566
7103196
3158818
2161877
3663990
1328943
2272909
464568
2292651
4853194
2238826
8957148
1526397
5455080
2283629
125495
173736
3715559
3334455
1587543
162692
6229682
4784076
2181422
2723377
3296054
4979827
3561311
1289053
1884507
2609553
1529489
165212
2218944
2271691
336887
158031
3149015
2769351
8293096
2494648
3221842
2835000
5586053
9175285
3660953
2856089
318938
1674336
2284058
580997
7913754
6289362
6929320
3268137
7876371
6137726
4196973
1886900
1546609
4292027
3148697
1907901
253096
2303210
4811477
9549236
2964931
6690761
2967575
175820
5176196
8847576
1643911
2497772
2488042
6117971
5360848
3588404
4199801
9364325
3724743
1705815
5837572
6733985
9449174
6396074
6111474
9857347
1788366
1883635
1892231
3740600
1147336
538351
7339928
8791484
4319312
3201600
712593
9958374
8764468
5274522
4737689
3722461
8383343
1942027
1729585
1640855
8104460
7529363
4613161
3884029
4598295
8825844
7310055
1524606
3912322
4820160
2863944
185095
5160415
2357000
2233561
663474
8276167
1100526
5686558
1246571
2323063
3632052
1737948
6151869
1711406
1641589
1563425
1659947
3710973
4746412
3406562
9490928
934718
1709233
159498
2515201
5575458
4808425
1284438
78105
2292033
1776647
3985018
2725455
1175058
2358021
1970268
6162600
3147920
1602455
3606140
5772588
4527049
6604986
411199
6648921
1107106
5789487
5413719
1137640
1862423
2156320
2394747
438611
2372123
8213146
2502067
1690252
1983522
197755
7526269
5306348
1388965
1561185
1664827
5631108
2510124
3286974
1176230
1733827
8508730
6132165
1225342
1107342
1991390
1447440
8715379
2778568
1823007
1845961
1505377
2261694
2401103
5391439
2180636
5757877
2661905
1679601
6182581
7571311
1392900
4738294
8278199
1473146
4845792
2871763
5978927
5526526
1271034
4476407
5355716
3587895
416999
1776218
182657
1140712
1522088
2309827
1562300
1124779
7958744
4923542
4559282
8403470
5731731
7735041
5254278
1197464
3727881
2529477
6824624
6581350
5315195
1661125
5879898
1749858
2808606
1849157
8643930
3548147
3382587
1930362
3875033
5765516
7365203
2822874
1333285
861638
3379405
7246505
7950501
8633662
9287635
281978
7766214
3929133
89086
1282871
1617968
111765
9386081
4871922
3378602
2440687
577376
3709128
1141670
6258397
2244858
7615264
168494
214838
2254749
6984730
1956544
4726269
4180338
3260566
4288543
4812243
6363835
3883677
1937007
1406790
1502677
2649637
9707414
2110038
1883917
2758548
2347024
3275553
2174791
1309087
1828808
1311793
3627749
5433763
6696747
490906
5184799
5851738
6978757
1259650
251423
1161363
3948931
1855844
2357771
9612800
7839347
4376827
6716417
9200337
1444692
319612
1226786
4872435
7999145
4413837
3878027
1976764
731177
8429373
1824439
6322780
1135275
1762886
6335484
1544932
274620
2351303
3804952
1320728
9971753
3836491
4144045
4105838
2870474
5737804
84858
4263602
2856419
2483680
5458485
3627512
6910263
1806551
1649527
2684105
3681559
268793
6135960
8710464
3449793
2610370
2662247
3111304
7366030
293071
1852291
1402211
6928632
1644542
1904330
11983
1780365
1607726
8472289
8948371
1473352
9617132
3413635
3139714
2730661
473117
6601093
5545469
2129526
1560063
1455811
2872690
8138383
751209
1319053
3888945
4908441
6459680
9582882
4860717
1463009
7595109
1450750
2968263
1447536
7706808
1866854
5957378
2806951
2962265
2885508
2550594
6917096
1598575
4426274
4561229
1308433
3612451
2597783
8722203
1679177
6818844
4880600
1556030
7494813
466715
2766048
3458222
3628445
1597800
5360858
9556698
1380265
6972026
5482317
3395866
2734894
2112897
4753756
1606258
2245331
9657150
3797968
1294123
9474805
2970682
1668520
45389
2621822
273831
7568287
3128840
559737
4568634
4600720
7207825
1673423
1745514
132170
5777482
4162400
2681223
1797484
451199
6940579
6886928
8187391
7600078
6886660
4597356
2855756
5874800
1181777
355549
441687
4149581
2268264
3122512
2557199
2873448
4903708
1375978
6953698
1281309
2145242
7108047
7833993
4958012
9951803
9329707
4843755
2562425
1633569
1836449
1757683
8188951
2274294
4934645
3476361
4574390
6439372
192967
2609323
3274036
9772848
678094
3604570
5372331
585686
4628165
1551638
169174
1643764
467960
1835127
9961940
2487517
1908853
1343888
7636407
2725840
935708
159623
3322251
721898
2107653
5238383
1400093
1994194
1796809
7804444
3625775
3588599
5103905
1912530
2730871
4425832
287722
9495878
1513217
9926121
192518
2342565
1336004
1433287
2284122
3474246
3514543
1314449
2689667
3804177
4180821
3239560
1766532
3826448
5575915
9197883
1600234
2503940
4253878
9165964
6216632
18527
1772850
4721259
3552229
2248199
5984224
2598388
1333708
2643948
5415099
1348474
3531060
5791748
5408168
1907135
6879614
2383888
4603604
6408832
2481882
1261852
2769615
1453991
1311138
5443946
4883366
3320450
1802732
1738867
2642418
5153338
7377020
1672318
1460407
1255807
289066
4978073
6948149
1935940
7989038
9605191
1981929
134154
5947519
7504915
3162448
8211736
1207480
3656033
8954996
4265844
250380
2313443
1613549
2643228
3498017
2921885
8275444
7750963
2575278
296376
7863745
1146972
4843297
1450629
2361140
1383812
7708895
6789521
1265398
4708497
8657355
3360183
1752422
3355017
3154788
9993150
1608291
8842604
3161849
1808440
5418935
3236130
5713758
1829538
1706826
1803109
2127381
2124976
2950966
7461624
797601
7606566
1399557
562813
6360598
7444363
1696341
512479
4772504
5459689
6960465
2416412
3527123
2723916
1161269
8908714
6584091
9557040
9728990
9306677
2567054
2728509
3529597
172242
1759169
1463604
179358
121759
1990895
5882724
2894772
1286004
1661056
1457680
2603477
3479056
1174210
4542204
7509089
4241443
212149
28644
3944543
1756640
1501188
574078
7334235
2489839
9943586
1566288
4272115
2757850
3362209
8114738
7647808
1844354
3570462
1982085
1429543
6869749
1141652
8510500
5288568
7407058
3921970
1703887
9441872
1722361
1364200
9550095
5758677
2941223
4398579
2184589
2254823
8371768
2975135
8708159
3143
7189550
2152789
9688736
1186539
27696
3488147
428097
176262
9927790
7415553
3971404
5910203
1552507
2483743
7238245
6253379
9450207
1619514
7785492
1112697
7437353
481289
370706
148174
3163680
1993097
5929549
4627
4201106
2976081
670912
1407669
3962249
3161313
2586710
4946821
7845652
2266233
1685212
2320651
4154322
2571607
9904162
1600049
1647878
7481895
2253933
4315174
6490468
1804416
739195
7919325
5322619
2226461
1289803
5908994
6760199
3807855
149765
1189569
654468
1868035
288756
1146806
6503431
1895870
8840562
2181363
1396595
5186687
2917941
930885
172169
8911957
4645776
1415666
3984840
2528818
4923041
2477676
5808271
3493906
4580838
4469676
9386916
1918971
2381902
6856841
1744192
1972707
7424435
3526242
3294307
1845082
4392023
2221108
1591165
1681910
2496221
6729166
2383366
1459981
1284111
144221
522035
2122335
931311
2651895
8252128
1547276
1749099
3794428
7398043
3731777
9144705
1153010
9466247
2583280
5221021
9824381
5331903
4633208
1478001
7504168
1975970
1160229
5858112
2966908
2106363
2370604
2843396
3599509
4737058
4885116
549435
1223550
4553812
4826643
1475026
5857417
48906
4947089
6111125
3393829
1457250
4468284
4520515
1103698
2262254
1990561
5847832
1506514
554663
5813997
4648416
2643335
744687
1897169
1810076
3281365
1717010
2704451
5328353
5696194
149375
9949454
1927563
5596153
2449277
755072
4668359
8741163
2204746
3459070
1270380
2330500
2749801
1465516
2727873
3334909
110117
6756493
1898500
6806694
6890393
859749
6176734
7139522
6923296
2612813
2469087
5825438
6403634
1364111
2702951
1811830
5134713
4426363
2470016
3944296
1106871
1540070
3617084
9164875
458442
3543377
2967372
148482
5986231
7885124
1563739
1551062
8303984
1794544
3279707
4744780
1593521
1827140
8193649
2255054
1464793
5387642
1607898
3488685
1580577
1426385
2995211
2412082
9335000
1926356
5614144
9972183
1288497
1220801
3779741
1934257
2176708
6645637
8346607
421572
4764392
1525039
1995089
1736051
2955853
1606229
6115601
2272035
480029
2572827
9605471
149009
8691392
8364514
4212402
9643144
2438113
2857575
5269236
9354805
5558969
1399951
8161354
9567429
5699915
2497874
3850890
2847890
1689483
7562691
5226532
1686138
1578560
3495238
2558927
3694006
2584287
1817328
1604807
2189314
2706902
4318397
2229944
210190
1745836
2177054
1925652
2846718
2608316
3216693
1688171
1252511
3935478
956518
5772021
2499418
1897509
2615586
5135897
136531
1134343
2903668
3748463
4321452
1279162
1654220
2279853
8763217
2611254
4661022
8497214
2374528
171566
7896561
5239352
7202166
5717496
15882
4430957
7750704
9899349
4307737
3820692
1296585
1125411
2353802
2519743
1970905
8362008
6144139
3222168
5309142
52221
227690
3308452
2189497
4122823
9533415
4374767
2907481
2450130
4126095
7831772
5672612
5857205
1281923
1406239
3440789
4820061
4972511
5530238
1863237
5952035
8650221
3504535
8613012
5216395
7457846
3582140
8752279
1191566
3175962
1868371
5806651
6228933
2391228
1344508
1345834
9452044
1695016
5581488
1291365
3610050
3222339
1877391
3572121
4479094
2184370
3269870
7245337
1182912
1516346
183515
7334761
3882482
1829065
4886367
6222967
3780463
1220817
8984465
1668361
6229102
1522282
1898792
1400446
2286848
3566795
4271438
1803637
2824973
1690641
3436764
2542990
512452
4223326
3334947
3503717
8579323
1455502
1406722
1493592
3392610
3142030
6530521
1187615
1485689
1938200
2442230
7593031
2677031
3686674
1763817
1623894
4983154
1777536
1738141
3954133
4159160
6980032
457025
7650809
136055
4687434
2695173
1703976
6270162
4461734
2993781
7448361
4775810
1336276
2715937
2228459
2124336
4101795
7215264
1666100
2257665
4326956
860484
4763001
1817881
1453151
2315414
6364388
1523461
9442697
8851933
7403980
2157497
2965827
2609620
2394125
1469809
6531517
7812911
8738206
2577913
1564187
3686020
4157481
3352579
9212337
3905792
8365133
2366341
2851970
7858572
6954346
1211741
3566991
7398661
5835594
1723120
3423606
4459723
1441091
3682052
6258931
1670259
1415138
3839963
5344080
3476512
7308934
1796419
2285208
4651182
1364448
1694740
992057
2718040
354312
4519264
1107741
6266977
3551327
5211184
1425167
1383836
1516919
2119682
3845378
1420727
4321353
8736398
1497075
5764791
5171591
8157022
1119904
2838007
2774948
7751781
9994480
4380195
2420927
5863164
4560819
1963858
1291340
1195570
2747232
1858295
614373
7231457
1164012
4409459
1584
1419500
1583956
2246803
4748712
8555175
6393946
430657
3638701
1376933
4773100
5182438
8660036
7674084
1685967
2614547
188411
4282519
1148590
1824723
2659824
1246273
1440472
6492003
4250653
322979
4485411
4927833
28048
359263
3646791
1289436
1570277
2947714
6984505
8139180
1962937
1815761
4206383
1708495
3156072
59425
6332255
1493259
1235510
5957319
3528159
9809099
7533106
1263285
9142538
2569545
4926784
2588019
7599195
2913247
195526
6982682
3372660
4161546
4987067
6261617
2807755
9912644
2328505
2544017
3777521
4339081
1140491
6228020
2448776
134512
9441739
236197
3659906
1145830
6998933
1246492
1601891
3763440
6645792
494451
430075
521385
3522021
1394789
8190026
1300684
1199200
2625848
598013
7577428
6735424
3962523
4132224
3668960
1440081
7111307
7994091
5954491
8143958
2458564
1803580
16414
4232887
2370568
1851201
4559767
3362570
3487033
4832536
1501305
9592257
2627125
5724354
1868321
1879800
4968702
5488543
3854391
1765501
1363535
7553995
5213334
8383247
1740094
3646649
1595876
2531657
1958051
3400366
1283820
3490505
8953363
2697872
2256206
3955603
1638895
2956919
5813407
1282084
3236934
249235
9485810
4425249
1143120
6981956
8121648
163324
3563699
8914065
1482775
1891917
5759694
5362955
9337596
4315060
8575490
7346981
1528479
1198553
3669851
1293802
9235227
1661534
3578625
1233699
5652540
1529730
4266324
4312654
3821491
8706368
969244
3896813
1108576
1160900
7737137
375052
362156
6997589
3420791
5979304
1573424
1708022
115013
6810070
3396873
1662676
3186597
6458209
1477783
2266106
8342292
2260432
1277368
1293113
3951290
1445037
3219123
6930243
5934800
1716578
6440557
4834032
9682872
5956336
2912598
1882140
3871732
4941037
1342785
4541149
3543660
1104370
1305133
6359914
1251116
32096
5283963
176075
3262627
7504275
3937987
2961745
5843034
3549563
1297800
4752612
5292066
180317
1207090
2326478
4488496
4848686
2685465
7422811
3924836
1391619
2951289
9760355
4790044
2891621
7131017
2975814
1470153
8310272
3386339
173692
4174093
1508112
3264358
1915239
2771540
1199251
2919943
2356723
7388541
1888109
2177474
2326915
683569
2831877
1286377
4464291
1316130
2467987
2859902
2623919
4886429
8281558
2938822
2930678
9236948
1472816
74656
1798178
159126
1888520
1674205
1323553
1410961
8625165
6544203
5895011
8921125
315648
1876601
8853158
1545356
2791859
293486
1409611
3895944
1277023
1666622
5506002
