5326115
5737773
1819343
187982
7969328
5151676
1553135
8686281
1679633
4558429
3684140
1311261
118819
1112290
1463195
4350411
6394358
2807191
2406355
1599140
8722726
5248207
2248981
3419230
5531009
2329383
4133238
9748234
250322
2118050
8824653
3502006
2947349
4684418
1173260
3846988
1198152
3478695
1329582
6516864
2274399
9872896
3866759
4831799
2256793
2400786
7139558
3405466
1202998
4157886
1728949
134258
2522080
2318837
296974
6324333
2536321
4380973
2131345
1320860
1658273
1928244
2981968
7404690
1941533
1378473
3147065
1227117
6666400
2245725
120614
9527605
2380027
8926079
2587438
2215015
1792977
3264013
3736703
4902615
2405452
3406758
5237552
4373359
9951428
2640519
6948434
2432633
1127626
2942223
6694819
6735893
2206170
1968428
7604454
1970333
9719098
1704510
1828087
5561357
473328
148409
2713800
8332390
4438685
1736212
138098
8407791
8223520
4676877
8206007
1224292
3347986
1435905
9668583
3957219
5927938
1936084
2341340
9961403
4257832
2660672
1539217
7526589
8484166
3941356
3720521
1501601
1505691
5700142
571384
2254033
1129019
3902663
1583615
3700192
1799408
3242515
5569345
7450999
2804286
3686053
3589212
2800468
2688650
3520659
3193924
1663943
4456201
5578162
7572255
1964692
2490665
8156275
4584327
1439692
8646370
4833491
7790265
3974355
9915749
1210329
7286068
6806594
7458436
376021
2983941
4264514
5738005
3843326
2323277
5889
9569190
283690
732884
5632683
9633163
1655139
4761156
1141302
1639655
2439901
1311790
1292674
2705577
1583013
3445906
18325
2358997
3958014
5693683
7461508
2306882
2106831
2675927
4657891
4165911
1283512
4492744
7632617
1343102
3379127
1402549
6499939
1239729
2778205
2952859
9996240
5234540
7785860
2797270
1415079
6835976
1893089
4908957
5792244
2673111
2389964
2850713
7696678
1487929
2156824
7866043
226504
2732807
2715654
762304
9454045
2612235
1900544
2100164
210079
6372331
2713300
2853515
9890315
3113623
4994487
1488760
5119773
1376429
2976697
2716885
9568714
1174155
545867
4550011
1993905
1691859
1632789
9647309
4788831
4810037
7203861
1586642
4181702
1692053
5624543
1378720
3755773
4915416
3346406
7297365
169004
6363735
124061
1188169
7783998
9137927
2966575
2203789
2528390
2893534
1595540
2931692
6933264
3849321
1285241
9952740
1648438
7997113
8541468
340261
9331379
2284355
1655708
1185576
9440153
5505397
3606300
5599043
4838767
5269897
8205682
180935
6171720
5560059
1558766
1451563
5639929
3415843
3831132
252446
656531
4744398
1483648
7420074
7775141
6430283
2749006
4304243
594934
3802085
4972974
163916
1763159
234770
9812601
6459993
6317967
6235217
1918317
6417824
1838632
7107252
7105734
4395042
2202366
1277208
4149818
4819418
1223891
3607324
7771369
4645242
1464586
5301126
4506441
2672524
5703107
1124522
7839758
6380728
1180379
1334644
2932885
3583919
116627
11525
2665348
3477471
2686144
4103293
2808994
4105868
6243176
1441306
6841614
2275397
2561810
2636204
374490
2967822
2531401
1425882
494347
2249054
3659486
2495297
4491856
1772214
1321472
4482268
5294827
1657060
454761
181222
1970275
2751977
6224518
6881665
1234046
1134235
1689976
1794188
8475577
6268686
1121809
2586327
1459196
5748377
1452897
2420062
1766303
4720172
5509246
2387308
1354265
1420710
3736627
4398557
5919827
145339
4322258
1771258
132187
5259612
4392696
7722540
4607274
1180309
1302903
1846118
6369697
1334178
2302636
947585
5463074
4361234
9941850
3735987
9959306
1200757
3832063
3492918
2112577
2476175
884926
7639614
3484163
2634692
9743278
1720891
1449921
3907095
8198870
2828699
2225382
1922504
5434533
5252309
1453348
2930092
9547568
3880310
6829892
1448591
289179
1348161
3188483
217534
1496030
7306017
9987943
691264
5412214
2397187
5990194
272009
360509
1265111
1902309
2180823
1969943
1520706
3969964
8789525
1609798
1507146
5259345
7568238
874362
5149280
9661866
4529476
6403699
4161048
1744243
2662594
1628199
31375
1345844
4923214
1186295
1962720
1303123
1243555
1313232
4810066
7841550
9685870
154453
359544
9848720
1232935
6865361
1388837
4434151
3909781
1884246
1783784
1850907
1505268
2744803
7617649
6197600
1213744
8339754
1972221
1193719
1732599
3507122
9550494
9601507
8702274
4281686
3110103
2968060
1721409
2508734
5594184
4193923
1440158
3571320
2488946
1794725
4475375
5289792
3209883
1638881
6574174
4262266
1417757
3267325
3820403
3934803
4265432
3350296
3609237
1906595
6625514
2939683
4727807
6813141
7496799
7104435
1725738
1870742
2239701
5283894
3640947
2809825
3434393
7147392
7388558
2804562
6336883
1102218
3395080
7628811
4138640
1462601
6530381
1913164
7122762
7232157
1891001
6852385
1101855
1501041
369461
5353493
228041
1996548
5244124
1405167
1436548
1105862
4214186
7409820
2153519
2248981
1424080
5246821
3689230
7844942
5178225
8523562
6618366
6386945
184865
1556481
1837425
1347424
9833989
2424020
177506
3696347
9794569
1669338
2760828
1979089
6210371
550940
5353813
1239603
2770972
3364926
137019
2270574
1119520
1877422
9536556
7558391
1919699
218436
189956
6946234
7679292
3589791
8586934
1713195
3981649
1665387
1128955
4342843
3991556
6668011
4323581
2555636
2205744
226539
1482411
3854661
5601921
7657534
538111
6189931
1422541
7300552
1873481
4241013
1486138
1615900
168753
2451484
3918383
2617323
5193639
5990857
179938
7249254
2669433
1375783
1178779
1172139
5994809
1720006
1326977
1921213
5603867
1156107
1481913
1665994
2618355
191435
1948274
1225918
1882713
5601129
7502689
1381365
1981094
4192548
4929128
2144809
7895440
5311640
357346
1467938
439600
1539493
2310775
6238824
430095
2933634
7678449
2243596
6477530
7794811
1813117
112208
1538658
2914702
1337651
8943057
1204595
1563092
7432927
5516280
7495815
4243538
9883544
1856629
1903617
8361333
5726168
2793517
2390052
2202863
2376013
1310983
1258228
3158556
2315906
289649
7621622
6262060
2340676
1809690
2823596
1333407
1945291
2267782
5353606
1990849
6974013
1693468
2324685
1335385
1322442
445194
3400031
9847701
3560686
5972455
1306849
7186526
2390378
1377734
1636175
9269220
2853599
6416564
1562038
2252354
7851435
1332825
1406110
1853890
3697566
1347072
711892
4453072
894380
4626343
8388819
552462
2328518
9456010
1742005
1703603
1363848
1363363
1530917
2303089
5354774
1687770
3531565
1411500
5574846
3829518
1260678
5473025
5568994
1608398
2192678
1496211
2297993
6741959
938739
1835608
264378
6136732
1333055
280729
6487158
8625873
8823650
1517151
1440019
389633
1770119
1919816
3257106
4837532
3790130
5330446
3950538
3641377
8682337
2583996
424383
3458238
627599
1683227
3998043
7994249
1311177
2466586
1878209
1605457
1698658
1133515
3129742
442211
1783118
1140089
529192
2808261
8121091
6520617
3757291
1431811
3640155
3423555
4868094
185718
1452502
1962676
3512007
5691287
7650175
1514566
1948994
2302954
2190931
5659921
4186674
1242214
1254350
5447948
1881890
3480422
3790312
5279126
2627614
2296362
6894389
1157226
1499819
293334
4670688
5379345
9150750
5236227
1336092
3705501
3687902
2437452
3440844
1908001
3335821
2844503
1536512
3147762
1983964
17466
4407821
2838107
1750346
1135660
3694916
4792
1481372
148300
344860
5109776
5712772
2418800
4388077
4935413
4600092
3460350
3705249
3847973
1187383
2541778
5676243
3323718
3288959
5541330
1357834
8549673
2263612
1983006
228710
3981019
4392073
4124513
7854778
717414
6350655
6354595
110811
4516398
9445756
6881767
446310
133115
2761050
4531411
342308
4531314
5643811
1748973
6501810
6859274
1338032
4100147
6398619
2553213
8971300
6263722
2505417
1239095
1422949
6256602
5767054
171548
2128367
2724218
3977642
9787510
1561509
1889267
5944582
8695695
3529499
1658970
9690734
1198631
4962177
4713565
4135162
6368633
2376804
3983602
3180540
2969816
3996664
1517992
2786536
383616
9275126
1554280
1140256
7440427
3353935
1880003
2386417
3652201
5362366
564151
3377676
8732344
4876586
4810661
1250630
9183153
1393140
2415559
1565078
2387826
2330185
1327669
1165636
1310610
6617795
1488467
1307054
3159263
184993
2516610
4859619
6925139
1380098
4176011
2970603
8101694
6433759
2689958
3560392
6972443
8226648
4456139
2793181
6559170
1803831
2750638
3269488
4655434
4226540
4424192
1684620
4970629
1440876
2759937
1252877
4755289
1465724
1546196
1399311
9542866
1294518
2518624
5190709
2792072
2418557
1842677
1629699
5224709
1553701
4899880
350791
1375480
2537856
1771757
5865813
2959550
2495557
3108372
4518351
1609995
3138935
2825243
8875660
1995077
8347551
2702915
1300209
75319
3677153
843752
1942241
7595772
4105659
3630380
1887249
1342946
7693357
3337494
1917081
9205380
2754342
179607
3323753
1584373
191870
2920145
4402237
2779438
1969058
3765464
4861010
8440755
5337331
1165880
1347187
1521891
2494375
1613854
5268751
570477
8199130
2834685
8584265
1290076
1395630
5793875
9952499
4968140
186793
6872844
23329
3641179
4916136
518941
1470645
1224360
3983217
118288
1972679
1365650
1773130
6349243
3495035
128385
7820187
9296893
3912547
1711430
4505526
1275195
1333427
1251683
2887557
6492
9879013
199236
133078
3720404
1730429
8410120
193284
7135476
4805995
7615203
5155602
2721350
4370310
2516481
1459271
5306600
1565784
5684796
2573976
299105
1678305
6376932
2849317
246654
2871357
127569
1501808
4614650
2735796
1722458
1363399
3597970
8464590
1646459
1116988
5487394
3412852
9394252
1499849
1309476
9412267
7653788
8248212
1188997
292950
2357922
2497645
1415847
7312317
1873515
1854936
1129213
3170976
6944029
2758048
599969
1374706
8295970
3819170
4790484
1673955
3234508
174505
3946949
1994525
2340846
2389686
1565833
4219027
1530729
1951343
3367896
5985807
2796802
3769265
7958967
7570454
3135759
1590283
1227877
1248661
5892972
1220925
1408029
9643421
7608868
1912474
1188
273952
7889529
295655
1454615
3650922
4129250
3487694
3256435
2338725
5578607
9850491
144053
7955222
1665693
8901326
7554569
5982132
1586808
4226102
2527778
1233856
1492607
2664555
4402052
2800087
1978855
1255816
344487
3394166
429383
3246919
3969575
277998
4472527
7246691
150792
212909
7131042
1393192
1517868
2783649
1119698
2358794
8832125
164351
2711578
4178602
3703385
6241352
4951737
6504776
2354132
5180658
7570953
5613876
1853724
1589116
1247138
3452672
4860814
1629636
6957541
6881536
6395868
1530252
5206573
2711144
2708751
1671471
1254082
2526603
3173506
1682205
6974221
1902207
1788846
4253558
3843445
5907797
241586
9462373
8488819
258281
865014
1831657
190169
1506510
3920894
6413647
8972161
6991219
8716951
319696
3360885
2923870
7316449
8952024
6190044
1503997
1564529
7690746
2108746
1202681
490036
4451804
217775
2341558
3179485
7397157
8179316
9167534
6209110
1908505
8604933
1542851
3255750
5957647
5537972
3207325
578378
3968747
3180924
1484903
3530433
3178274
4229752
3753250
2696038
5288392
6521226
1317760
4238452
5192463
3846115
4759734
3108533
7456162
1959386
2775146
1321811
6745798
5805210
484025
1113323
4402203
5181592
6507617
1353843
2797790
243368
9780872
4913558
1325350
4387288
8576866
6257881
1171517
2811203
1330848
543197
177556
5256831
1288166
2180297
7127574
5349017
1660809
1892538
1293900
2984784
3983765
1785441
4967049
7603114
1982283
221432
1742753
5754623
2422290
1123735
576621
910768
2334784
3208782
4512950
595904
8593580
2800921
5869840
1745833
4452851
1854835
3667909
3907142
7576505
5432276
1704790
7381668
2700640
4799489
1779106
6229303
2480247
9976828
185862
5641944
21969
3968779
8892038
7316805
2431179
3996506
5586051
2291534
1752902
8604337
1382087
4243417
29039
29617
9162893
1929089
3838966
1898809
1662784
1467264
5573249
2986185
2355126
5258954
4750737
224942
5319092
1454854
1131451
1996104
2849384
252578
1796921
5507358
4857319
1738224
2759760
390116
1833443
2424007
1379564
390977
2540857
1316488
3369055
3743962
1316899
1573664
2330447
9366140
2416518
112807
2983452
2600023
8396922
1164330
7488679
1399271
1204856
2302177
2928060
8115729
5637190
1768668
4881406
1630100
5349288
1326748
4612292
5398018
47901
232827
3953571
8815476
9755308
7444400
4430535
115283
8710067
3197274
2340202
1693039
1684630
7743928
1407265
5678119
3570561
2274514
2590867
1661193
1923852
2843645
2255984
1100372
3956883
8583988
7558327
8972505
2596759
6764248
2209941
1423266
290950
6148438
184012
7972218
118745
6988455
3874575
2459110
7601812
8642124
1976855
8486958
787336
1777858
2246345
8650477
7586820
3687642
613859
1101853
5335933
1584428
5119570
2915044
4211495
2552374
8608274
1735052
8397538
3623714
1430257
1370344
1101459
9162150
212600
7166082
676822
2215995
5838980
118924
6851215
1574248
3271887
5490375
9139624
7595123
4136389
5282792
6153393
2662343
1530585
372703
4129441
3427961
3367646
175737
965230
6395752
1259692
2661056
6611129
6206277
1696196
2567208
8501038
9555566
2294337
1849743
2834549
3726839
8375331
1766355
1811792
1610857
3793089
4188140
4933588
2725835
6118312
4953006
1974008
3415303
3675619
4618764
2345266
1179293
4106671
3842185
3986269
5131778
1750717
4123219
7879636
2830205
8381120
2560650
5430775
1748379
5344240
1671650
3724934
2600871
2245973
8287512
2960495
983810
7175919
3467737
1359601
9585352
7514229
8632079
1442699
8317091
188616
6294465
1129489
117313
8604206
1281964
7180168
1932556
149575
2745897
5898283
4834869
6825638
5807016
1958463
7802289
8944522
7437325
3556564
1152399
8805863
4578760
1117811
1562239
4640089
2827141
8341148
7335096
3559759
3361586
246451
9672906
6156136
2705934
4832155
2566002
8810109
3436985
1368133
2330081
1505151
2799050
1482006
471398
1427491
816294
2181696
4949535
2529019
5374888
4477564
152250
1440732
2776565
3716644
184179
8531330
7613454
4563424
2675445
3747575
1551669
190545
5651007
8761105
2755192
1780664
3442470
6750506
3573966
2530702
2718038
3401021
2892278
2912471
228310
2996138
1639679
449344
5926175
525043
6650812
2333320
3824421
5756825
2335692
8752994
5149697
2445308
1571363
2460002
6163334
1994533
1879681
5176955
3252284
3110521
3417516
6225918
234403
2222185
6996035
5901921
9617368
6698883
7686339
1587207
329326
2342070
5449960
2311067
1617848
3744500
2372682
3484465
242089
6515832
1598787
1990790
1985584
159644
3548749
1222783
6960014
5715334
5457673
6423160
9455171
2169439
110234
8439192
5724614
7310795
1997270
1894030
8749268
593356
6693284
2286144
1302735
1842492
3274842
1100993
4944105
9534355
2848443
2140477
4168854
1691145
6992634
1645161
1730223
2655922
2175860
8134534
278394
4258057
4762614
2277222
1122269
8697951
1529757
7327100
2517732
83660
5343121
1281516
1217677
8701308
9180890
5409234
1397488
5308623
3699726
1388431
3686674
5106114
1829832
1111395
3534224
9389629
838581
3504795
4619763
3923223
3644662
8123901
5618953
3811537
7172452
6879644
1958585
8332422
4872659
3919987
1305702
2815675
9856451
2686123
4370828
157955
1271156
9987380
6216030
5390627
5500395
1166702
7822796
5399714
3485000
7965086
280689
5885
1657311
1383305
3545048
2618766
1237039
6766702
3973286
3818943
285835
2366409
5253743
3142039
4609029
5344481
3745238
2890679
2531538
4953821
245667
4347629
1962769
1583236
2459599
1988811
3277660
8411560
2897955
662373
1631637
1922669
1588504
1374571
7700800
1623234
4686748
2614080
1277050
4100451
5129987
1736938
1604371
9467086
1944250
3588503
4246852
1851161
2634369
1943862
978338
1914615
6258173
6733573
254677
4369826
4938179
1166745
9413216
5325208
2191567
8409366
4846944
2989912
1553777
1603181
7180374
3115238
8877003
4175209
7619673
7644911
2881052
1868776
1196353
4954835
2560972
3197126
1899484
532685
1281800
9730723
456290
4875453
1433217
5714395
3112982
1599160
7430822
2565118
1207224
7400645
1223608
6711392
2833793
4672308
2841893
4938998
1167757
2842248
4996447
2939215
2852520
5100325
6846297
3210836
3812709
2909019
7544706
1891039
7814205
2560210
1618585
3708722
3183115
4969914
5897071
2577776
9608509
4218973
2172833
2331800
3417184
744471
2934865
2760129
2624842
2689462
161811
1652365
2445924
190179
256041
3269799
1385447
5812355
2549696
6510342
1165605
3595158
8170619
1280829
1964615
5704250
1812263
3636227
7853473
2236982
1983375
2400446
1196802
8491945
563192
3544500
1781716
9411666
1822966
2827331
3189775
1740634
8139067
3311934
1406856
1901855
1447470
169802
6708239
1411608
1256792
1300183
6141871
6363201
544568
2768751
1852084
2213030
1225818
120080
491407
1353246
1716809
1760354
2982772
1599850
4643131
3619903
1304132
6993118
5147253
18024
1383848
1864688
1832623
4478169
3489225
3901405
1479687
5742999
2430935
3225347
1818626
2267929
7645926
1217125
4253485
149674
3279459
264889
2743460
5358489
1544619
9986612
3812551
7756135
6380691
6256453
8190725
5376348
9480391
5850409
5557973
1454662
2558231
4176434
1308032
1636699
4940126
3227413
6813950
1908630
6955060
3419309
595768
2334107
3768575
2655111
3120917
5212439
419700
425266
2245508
8366780
2355775
2351682
2485447
3378245
1466170
7314195
6423163
2784756
1955319
2225023
2911524
9553859
3820742
5297000
2918161
5258527
5657061
4501362
6177209
6258330
2880095
4156596
3140049
2204129
3553321
1127428
1559801
9504373
1380166
7956984
1536880
1594210
5141990
893210
9118539
1108311
2401116
1611583
8588091
3634496
3308862
3775819
2529869
714058
356538
6614928
8307137
8779528
5324141
5856731
3555362
2358287
3407068
3625152
3902734
1805549
1934917
227416
7340043
6677707
258161
151563
5223089
4848246
4978530
3604657
1144509
2486647
1784093
2620147
7984290
7147265
1883531
2479047
4468413
7159690
542777
7201542
163935
1114762
1885253
6112493
8579839
1283392
1727920
6134798
4996541
27373
2778533
4148016
1107585
3447665
227441
1530354
3974838
5738934
6671988
2379955
6230441
3209665
1891489
5538097
5735116
811314
8807159
1589774
3754776
1967853
1785869
4859825
2979837
1972855
8413146
2622968
6401008
5618596
1248577
1143238
94243
8908483
3726393
4319313
1634619
9739390
4771219
6781443
4820087
4989540
1552461
1137716
6229033
6777287
714994
1273534
5128852
260642
3197915
1216417
7824109
3434091
4190825
7984902
1589346
2508503
3431869
1352589
144841
7227606
186339
5922013
5229078
1946574
7286406
120967
2357823
6272979
225203
6293087
1900076
6181541
1926946
641497
8584808
1912590
3162947
5536213
9637228
5383926
1965533
1224238
4189363
6543475
8156159
5574051
588968
2810167
4127675
1182981
3396651
2616880
5769114
2577152
1722146
2314318
2297630
4768884
1367997
8171203
3803787
3219993
1915722
7295897
9414422
5909630
7808500
2261751
3159411
6661152
3937649
2585398
5775866
3122749
2797989
2946573
273904
4727416
971918
4225081
1359884
1603513
1783266
3652525
4112707
3328402
3322152
7813527
6950192
8441017
6538023
1885866
8428750
170510
2877261
2954695
1559842
3233011
1163337
4405810
1149683
1466056
5329713
1215943
1495876
1634675
627345
4658877
2424497
5603430
3490494
1569017
3169368
1401033
2625468
1698746
334783
2854564
663036
3914231
1208220
3154708
1220898
8180332
7985834
1989730
7226965
444514
2557358
2425102
7350694
4127533
6306787
7244342
2983997
174568
1104882
1826125
7785220
4303483
1410811
3716955
3424383
1355426
3915004
4605600
1536408
270129
8214956
4835463
3876710
2728751
1104295
5604116
5245011
7445408
1920145
2204495
8991921
527219
764479
1761056
5809304
4844818
6680311
3651495
1368906
1690209
1176695
6390522
6640041
7622889
1469311
6269139
4340981
7723803
1328580
2422714
228370
385441
1308739
1370483
2329644
5613040
383933
1194306
2895409
6299560
1179880
8950920
3252600
5598072
2797410
2291257
1307007
6520918
9201153
4866003
3503601
6979054
918146
1469277
8970284
2843679
1461040
5500741
449148
1902345
9761204
2990178
5868322
8511903
2669736
1494114
1263815
3507676
2468089
1578069
2704264
5903238
4164260
179023
8853304
3176649
2738174
211551
1100800
9663241
1223928
5580101
1236440
2913223
6237382
3168997
8412658
7822831
157197
6333876
1236778
3848244
1810941
187492
1793196
1935587
6308800
2464021
3202469
7923309
111568
2635949
7902039
4951071
4160702
2446468
9156637
3752132
2784345
14339
4508500
122058
3491702
3686423
254249
1992466
2119767
3480005
7981673
8930645
1808435
2169960
1376570
299653
5945677
8775123
1896812
1714256
2406812
226592
1732833
1250110
68242
3701299
1503447
1422632
3283692
2431677
2833227
3670860
833098
3734678
6622520
3598904
2679462
1666636
2191957
2139465
4918424
1784265
1484444
7379016
3660154
1539507
1337054
6259153
3354996
176713
1984027
4460071
1720881
2824359
8574961
7284823
6700666
1719587
3920489
8120918
1493758
2457332
6707226
1507997
2658090
1847797
5675097
4166283
3573760
1309570
1574872
154744
1870693
9312688
3509515
772215
8497151
1672264
4571723
862804
3200658
8553172
1915990
4555629
284797
8340685
1964017
5213670
348935
2237071
7313269
7242362
2118032
152372
6734016
933
2438049
194363
1738517
175228
2792776
8994512
3591051
154151
2649571
2302513
1865917
3109194
1986155
6558318
2146930
217021
8633859
1193138
1125397
5695037
1618281
1330979
1474403
1790962
5716681
5767273
1536378
4953150
1685736
9613073
9516380
7227784
1135328
2217208
6527107
9341319
2420436
293315
2670914
1590577
244836
1253461
2373809
1260004
1314141
3686824
6646350
170677
3826234
3447735
2521058
5276629
1598080
6238620
2797148
1131679
6216774
8174698
180894
1854339
8109588
2104647
17122
5328131
3513194
1559823
5962661
1814925
1801855
1910414
1848281
3385667
9171214
1575208
4286705
2698365
621599
1556115
547588
2554190
2602647
7313883
9459183
1388905
1597251
1424852
5753935
7994609
7511908
2204955
1357677
3141003
1101035
4565533
6172035
1877333
1219702
211997
5588183
3721084
1707053
8725174
4143626
9836179
5465569
5741716
2491887
8964882
1268613
3916430
3685692
2588869
3594503
9954412
1518140
1620202
123300
4775271
2545039
6308676
133617
1407038
559755
9620477
5711472
8623923
7486522
146381
2438942
5393782
2431523
4567375
1693486
3845700
2729593
2449325
9686210
1719131
4504211
1501876
1579341
4516607
5457139
1672281
1735296
2590739
5379558
2862875
1202359
2503107
2113901
530826
343361
2129439
1464521
912234
1442545
2740557
1194087
2855996
2708067
3942794
3117295
2211825
4554537
4215262
487266
1417883
6172279
2913939
4927442
249139
2730237
3446352
1389575
5273529
1569247
4188934
6679194
3547862
1207660
3145606
2907667
5850358
6141374
6350055
3102977
1923870
1269124
2508022
6528050
4709227
4483187
8838169
2279180
2828241
1408832
6929727
327170
1591092
3806549
3138439
3967037
7272832
647718
8297796
3337441
1847701
7142061
6676514
8131843
1109572
1534197
1376258
4705429
8932081
2291634
1928852
5159369
1622247
1122618
1252862
1157507
6204034
5745388
4500947
7502723
5139786
2805497
388011
7890420
189549
9131107
2307553
5570461
6176358
2695186
9864298
1717738
244127
5151088
3142815
3658008
2618803
7489342
2140724
5235610
3786462
7519089
9207152
1116012
3853571
3309752
2900262
1268521
82765
3183894
1826077
3887947
5323451
1273884
1740343
3476710
1276639
4192244
2251484
1801480
2594635
2918496
8354839
2202464
1247442
117192
7980161
441437
1895645
5688564
2984239
1629845
2225781
3483839
5693318
1429767
9895756
6865210
3312670
8685468
2194974
556774
9925772
2929460
8147300
4863553
2953744
2978875
3608502
182635
8999805
7807990
5435575
5624221
4473918
1917387
8274501
1952740
2966311
3859378
4206732
4383470
2848135
1758279
1159298
1681239
9542138
6469345
3344094
1651268
9648849
3587366
8307557
380100
5645567
191865
1771945
7573894
5462564
6323479
3724254
1909645
1660796
1228634
5498434
3953984
2764851
892797
5230355
2878783
3270477
6774336
7686497
1282239
2451401
1229562
7355195
1679877
2388674
2862349
3662280
1231877
4449022
1199073
1499286
197400
2160093
4542522
8315922
917003
2999828
4806758
2932503
1244929
112462
1674588
1461004
2295588
7673430
1351477
1365793
8612380
1357117
339460
4590029
6254364
2493916
3597316
2358181
3322901
3553808
3238560
2206121
6680283
8391924
3977314
328808
1962722
397039
156396
4747529
353749
4174364
4774678
1426362
8835212
5195588
2689415
7277478
4330331
4470155
4529267
2276710
5528971
6819633
7294807
315495
2568425
1725921
486978
8720185
1503570
3508309
1137610
1777071
3503845
1143373
1813496
2416777
8690848
2169195
1124225
2882069
1965052
2212756
2431228
1749034
1242865
2767339
1844885
3691360
6518903
2841633
5763955
3288076
2789048
4753237
2133122
5447052
1164084
1912386
4878939
3374719
1175713
4129435
1566633
1135956
1749726
2523192
5149882
5781528
2453309
5191799
1735076
6815724
1967914
5834259
6355752
1747913
4399707
199
5804917
3823700
1731886
6396266
3356153
7829062
1720869
1461525
3234364
4643068
2148075
3318073
1680169
8964550
2360522
6751809
8966366
472310
2867763
1110487
1830687
3974671
4481856
8536918
5829032
1157824
6458534
7919238
8185337
530075
1728445
8784901
13714
1589517
2397557
3630908
2858434
6693238
2452899
1507479
1718257
5563747
144877
8610238
989019
1950697
438861
225370
11013
4507967
5882067
214336
2558657
3435915
3277966
3700215
8936035
1169992
8575956
5446501
1717675
1683294
313378
1582421
4542708
3963102
34109
1704859
3604522
3219589
1983187
149437
2915037
215083
2854215
6803699
5507458
6157543
5540684
3297942
6222495
8127241
5619731
2352468
1529617
5360421
2309699
4860102
172627
2763392
5783429
2585720
3228287
2314807
4267306
4196985
3124582
1333293
7411304
5236449
1521003
4193890
2595053
2726006
6515034
1771222
2595059
3761252
9720556
24751
1669769
3261037
4424323
2606266
1347000
293240
6707096
3719926
3602640
1917091
1583762
193298
1137602
4302450
1915391
2287657
8918154
8310288
1711145
4781828
3165655
7997629
3583309
1989739
1960957
1642359
690693
3427004
1571210
9921875
4393588
4176803
5613964
158893
251350
2303967
6582557
121955
571337
2672834
8295922
1180313
1509015
6556286
1271147
1124143
5603715
133615
7564061
6842633
4258280
4957724
8333875
1465430
225143
1351224
1748599
2303366
5319807
551875
2655874
3197900
1724398
2419381
1221641
2563058
2783400
420013
6310389
6430626
421373
4192773
3993557
1145395
2786482
1249475
4247276
3218998
5270679
2897198
8300348
3837940
4786595
237223
294563
1454263
3734461
2242285
2606598
1439799
2348356
2876031
1572782
6467846
1857919
253297
4702994
1609115
1772096
4555874
1464322
3653194
2904158
2346896
5710627
1396676
5816677
1699254
1246599
1708985
1634997
1545438
1359235
1838396
6923794
1706317
5127959
294604
2749730
4590994
5573903
1904573
1994293
4847456
746908
2487447
2405386
7249480
1918879
1141501
5231509
1893669
4433300
9789296
184140
180274
1513529
4867709
1972305
3681869
4327998
3805918
1286246
1300790
6670394
8207723
5446718
7492243
1467340
331560
3765688
2103005
3919690
6445296
1149994
3132386
8202545
2594491
189234
1532039
1417787
1540981
2357495
249541
7612244
361359
3661620
9401539
8264738
4158779
8824391
537113
6149915
7980480
5125683
1682567
6461046
8544475
2120324
3310501
9355226
5246694
6817906
4935560
11375
2240469
8413418
2398503
414901
7405298
8889613
918301
3669973
1153347
2349426
3278452
5594833
3930182
1635092
1270916
2435860
1101811
9939579
1865770
8453844
1992869
4742987
2662708
3400168
2579901
152635
5815955
4236321
2295699
3651120
1511040
1313772
2182709
6753517
6197925
3622258
1401312
6112763
1226707
1667243
6669424
5984058
7875219
3299288
1797038
888190
8609205
2451253
5291923
1276369
3876793
4897149
8141391
7103332
7339805
2872144
1678313
2914491
1909085
2637994
2703434
2989858
5732822
1722212
2788373
2355289
1203899
5467028
3510859
1864599
2451989
5565984
3883205
4909870
8873888
5217471
1534063
1811210
2930579
1141421
4181940
1974751
3106344
1503813
9534534
2334723
2438162
1150573
5382540
7486566
7189271
2143655
1501268
3998598
1651628
1895542
3990034
5253618
3862443
1211821
7716101
1989176
4273449
3721193
4549446
35971
6912643
1777855
4590667
1972787
3527055
1405553
1778728
4561735
4872558
1593677
6660104
5332956
1464458
1827169
6123971
5830642
6544911
4327335
132181
1230787
444038
1582359
3143640
1642052
5457872
5416816
7124598
5860731
3256461
1874896
4469190
1809269
1872723
2108048
1985371
5224062
3708547
4218399
1917935
2952533
2166701
4205936
6671509
6491817
1710920
6647209
1221504
1960888
2151875
340072
7196888
2528138
2615531
9770341
3634527
198259
1383159
7870397
9790394
2998945
1809098
3254415
163710
390062
1909486
9130120
1524794
9781324
1624274
3432094
1411656
2437682
6295323
1975349
1684664
1284619
1261181
236113
3378557
3257262
262804
1842734
345232
1836427
1155614
3477730
2467473
5865120
4780364
2995933
4698704
6462226
3856767
1976522
2687823
7375664
5310738
2996233
1803312
6656225
2578009
757945
2632217
6510424
1541423
1925584
1570986
2984150
1275068
975151
3159813
3742823
9808875
6464044
3640805
1614051
660117
2323273
1598548
3547730
2846837
3451186
1556741
181530
1665398
1552037
2286856
9449790
1252068
1977155
2281265
4899009
4307647
3726151
511837
1915792
4421487
4791713
1426452
2246186
1632916
5211599
149658
1725043
3146021
6357837
2270144
441484
13252
7291733
2666958
2252472
7863615
7694550
3334228
8459359
2730258
1770138
1282007
1891767
3121362
4287713
313081
512757
1766239
1455928
2152590
4629727
1889711
1980398
352011
164880
1891188
5816019
291186
6822281
166126
1837810
6233093
4975956
2854647
4667947
1190381
1427231
3900172
3908588
5687432
1935873
1171649
7635020
6926796
1491115
1761509
7198708
1141626
2834595
4860398
1531565
1289983
2366881
2262262
1839801
3942736
2471329
2792574
8364541
1829454
7868587
2886678
6291411
7260081
4141688
1822604
5861110
970935
3928556
3396797
1198876
5138559
6670267
1604869
1675855
5781493
1457803
1501149
2404090
7345453
4962931
4743007
1847265
5551282
9175155
3346860
3468537
5218616
9942797
6945786
1623203
2561635
2573724
995964
1169237
5753190
3518876
8110156
3187604
1421895
5122052
3501124
1981509
5460562
386660
6331607
2468045
5153139
4546435
2890621
1417406
5937396
4910620
218628
5634108
5396432
3179878
4321431
1516196
2585419
178024
4713237
6395963
2651442
3720230
1368333
3904557
2929463
4479626
2197438
3442968
2707685
4303572
29882
8223803
1631650
4973490
3485715
1136024
5161276
2591708
4850347
3205581
1282004
2636445
3667895
4635106
116424
8611637
1598475
2933630
6796484
4949823
1321811
1636115
1763793
6535114
1433620
2894348
4913439
2236404
1441758
5244175
3158554
6588250
6373079
9451847
4727575
3820318
8650
1733474
1337840
114535
111742
191655
5985802
3630536
3774813
3860393
2500456
3355974
1527761
1245468
3980226
125419
130298
2638387
116792
3607322
7971555
5478877
452999
1445225
2250014
3875643
420059
8486460
4990433
2579890
3959814
1191715
2699508
6537784
1427279
1642146
678202
6550940
8232195
295744
7325399
3108850
3291742
1265690
6755395
1380681
2191767
4951587
6258015
2913202
1996732
1792285
2400361
4774383
67132
1940198
1154923
2157057
1112713
1890489
4216193
9195078
3316589
2207196
1144616
2830117
4447155
1494149
1985324
9444255
1222891
2548601
2119555
3930168
6377174
6977846
442027
4451013
7208283
8549286
4244074
9760161
1668815
4215633
8600899
314092
1245312
2304312
1600074
1148898
5120098
1128840
2704504
3294191
3652534
4794875
2919766
5524202
2186053
1668387
7640819
2308766
167775
9574531
697390
1151860
1240523
3480773
6731052
3787244
2586725
4404134
1970
4137515
4193551
1206965
1886306
8957072
2100503
2914079
4530073
3557939
3395659
1798023
432841
3481680
4804560
1920980
8456565
1705568
3294849
8392945
3363287
9127372
3579658
2787151
2755234
1603757
2864387
1833989
5295309
5569560
7265256
657479
4471970
5483608
1321386
817567
2856365
1736647
1549463
1883986
4275455
1110322
3198483
2247205
2888262
3698343
5634190
1577772
1189006
148901
1113423
1668247
6168150
134110
1256703
623167
6444118
7589021
1877648
1792079
1363082
7983146
5432103
1734782
5173374
6125865
1492075
1965596
6347597
3174938
1560847
4104882
1597523
2332773
2411406
1660683
3497848
5737390
2511509
4481989
1377224
2199936
821592
4702548
1292759
187361
1311054
1645456
5591236
9201001
5389000
1229041
2208630
5389077
9273688
8161287
1462153
5574919
3749759
8453665
8984302
8269639
265270
1171810
3662301
2864991
3429295
1922287
1990783
1603224
3669205
1861409
1368263
5370025
768058
637278
296203
7924596
8601621
5163773
1875621
1589767
6284830
1419383
6919880
7213156
6137779
2791420
5175148
2627154
176037
1714397
4542593
1737869
186953
8647652
1937964
5195642
2803767
9214257
5355776
8657291
3658527
2484290
5541247
2503338
5627375
6174142
1826620
1851038
1395227
5104869
1273253
5908538
1464608
193434
3726750
2705143
1260090
2297380
2132144
5647165
3601086
1528962
8548141
173395
9590080
5882570
2208706
8851659
9604431
919996
4979703
2888924
4526901
6553265
6437447
1492411
6264489
1660980
5456269
1669051
622676
2534052
8279409
1401144
261034
1387313
3313707
8737692
6699262
8348050
8504976
4547263
3590511
1278975
4420927
5584065
1321690
5667137
3672180
548782
1247540
4947272
2761526
133789
3573199
3396324
6860551
7577926
2653275
3201302
9265720
7596635
2565769
3260433
7927110
1434507
4157783
2965739
331245
7452374
5387536
1960852
917323
3849564
1686939
2409895
586581
1769517
294496
4350467
2255852
1269955
399259
629625
6216280
5567010
1182129
8990806
2721427
1993017
4320289
1378870
7121660
2278399
6932825
1706314
7528319
3721134
472259
1745674
2692054
178402
8556399
9872662
4873048
1944205
6766075
1876818
3274508
7953172
3927114
360225
2513508
1620893
1137360
7552819
4675660
1361897
2897777
2762732
1600762
8611480
6258845
3646538
3596461
2751012
1728881
5248005
2256381
5378525
1172577
1119960
1832330
4471214
5629322
3327814
2638298
1288701
7525271
6593619
1226410
2397791
1438998
4511848
1347634
4448549
371403
8579554
2558557
27670
4548737
8932901
3626109
1131803
1329662
2960698
6854796
176423
1416110
6391075
677397
1996965
947559
1192557
4745078
1559113
1313166
6711545
1763245
7177495
1938491
1312911
4964723
6414981
3617211
8705112
2541836
1853709
6265208
9425823
2331188
1250051
3761976
2711175
252383
1368260
9854253
8772738
2588825
4558551
2254654
4355566
5368965
2283221
2756561
781493
179407
3976044
490240
7845939
5506383
4321801
2565164
2417379
186976
2836068
2459949
3308309
1542064
8668556
8658738
2698316
3813838
243291
2345051
5664079
285212
8316799
1982515
7110255
7757977
393723
6642993
2654228
2802831
3954994
1633936
2253726
7979377
4855867
5118217
3329854
843799
6164023
5915684
8961039
2241540
4716413
5687027
4463593
6786390
4866089
8753291
463870
3380752
3407852
146386
1827856
572822
9607584
6715808
3709286
1318820
6483124
1936149
5318959
9365577
3576453
1968796
4308377
6980037
1686284
4571613
2378095
4322065
6829687
621694
6413596
2744104
2369547
9208644
610264
4239422
8133431
177801
5258968
2395096
1106808
5637978
2126158
1444033
1129637
251540
3164620
1343483
1942558
2490618
3761265
4915334
3900326
320505
3308544
591222
1402417
1646681
8916501
3665664
1539138
8256123
119965
1525319
2797110
7362694
1244241
1874547
4238726
5710301
521985
1507186
3667556
9707408
1484463
9614588
3623297
1242443
2546976
7678232
2525971
4192304
8303188
1414802
5902997
2631109
1111914
3433055
1965253
2605836
188685
7415568
2208054
222832
1114598
194150
2236192
3844630
2370116
3744362
7269354
2730274
5108281
7161800
2825540
2458660
280849
1453384
1211323
7998605
751969
2759021
325143
3865877
2556359
1941693
2724303
2204852
7320815
9989915
1106780
1509906
6610388
2925972
3691571
5245588
1505098
73226
7189582
5192488
1642083
1739342
4969141
7574602
1806868
1413228
9823743
1824674
9454207
216768
4241543
1270446
1965183
3832414
155085
1211603
1537062
1232131
2734298
193332
1389803
692723
3254282
1995820
2143219
7158234
1213586
3741017
9771421
1377638
1731848
1260312
7623366
1961759
5278716
1312595
3746350
9554470
4400355
1964108
1669994
3842753
2843364
6382594
2835262
3287868
6484200
4118515
4466909
6545606
189914
149658
3683127
8887910
7544814
3262355
4144180
8901213
1191736
8329088
1390573
1549627
4180636
4390591
2584395
3285298
2107505
3859562
1334550
1267775
4937034
3378689
2265798
3528605
2202986
2314152
2495697
2830504
960696
2628931
7361709
5301462
1540992
1983884
5510794
93656
4152156
1737970
3516661
624818
4464366
824499
1380276
3311804
2130608
4224207
2809326
2661034
1834972
9632412
1359449
1635243
6367509
2333119
1237392
3438225
9779111
6665547
6316180
1544181
575754
1130530
6209394
983606
6290787
1750580
3648696
7573312
2653184
5678551
1617192
2382785
4153943
4298926
4829136
1328992
1333558
3695773
1734527
5602105
4976969
3982937
9583343
3297902
1110139
1555052
1470766
5411736
3514832
551887
885914
9984271
9980712
1348151
5187747
7737345
1391053
2662172
9277665
1168286
8737719
5693830
1235136
7443302
1424421
4742759
2390131
6570144
1868835
2957892
7241269
2199814
9252548
3991361
1279951
2114304
1123621
4479151
9628459
2342129
2554860
2566933
1135607
1461966
281455
2345339
9397079
1863408
2927272
4327909
8685164
7774784
2740241
174650
6601262
2282420
4834417
5854939
3465597
1506951
4803385
6975684
3578754
4348788
5221968
1119359
2212409
1787998
1721065
7692347
3435261
6400082
145098
3121629
7594376
3107186
4251957
3501483
1920468
5363161
3244416
3686223
2647111
1524358
141504
8358051
1196409
1802973
4287675
7924121
3785323
2490264
2175300
3634724
242216
1939605
4197859
1297238
3384678
2158663
4119049
1633444
1266638
6782864
145181
570198
5357117
1297610
868671
3635751
2295267
1280778
3937897
1529446
8440663
1929883
2912405
1374711
1770324
1331751
1269928
2622621
5271836
956455
4613167
7897747
2814998
9273342
3785705
1915388
7660359
1190088
1896757
9693500
395013
3961696
7948722
1555632
1216868
1928926
1892318
9498627
1365152
4988599
7963557
3419047
1962285
6890794
1409721
3909563
1888956
1786758
252513
1833153
9319270
2335923
2538933
246813
1264146
1404334
1516683
2546715
1733113
3880114
5633535
1399114
2538183
580138
5923541
2696695
1120793
2446767
482577
25732
1649987
3167130
1383971
9440397
1808348
5803015
8516462
8412376
7984978
1600857
2905086
5307768
9468588
6160117
6932263
7965218
1907999
9828908
3242605
2127207
2576825
1178847
820284
1161945
9135630
433823
9463118
5123423
1202496
1700086
2959606
1924199
4902555
3844128
1117138
1195358
5575003
1499342
2427417
4814530
3930220
7893718
9962314
8692289
1314158
9538619
2112643
4666845
4106517
5542305
5352986
6952050
1402509
3952121
8597287
7885972
8295935
5383583
4416269
1575005
1362931
8367203
2406215
1305426
3702701
2856354
1613832
4104583
2365007
3789395
1324411
4222739
1487206
1807044
4122892
7902735
230066
1329914
1676429
2994123
7718995
1831457
9791594
6632635
1778961
1566938
5213952
1916647
1589719
6404463
2645349
4840245
3930359
1401564
2584304
1902717
6723943
5389243
7116173
139078
1932038
7222885
2722179
8533447
1571228
1117967
216898
2640376
799318
8168927
1695308
3571800
9301210
3807729
3809801
1821835
1587065
9151540
2768548
3155380
1642982
4866237
1392744
477646
2552489
9278510
1749275
1690730
1619711
7856310
4601038
7855881
1457445
9543906
590730
7978620
1338359
1381392
1637286
1704220
234188
1288455
6451267
262326
2488888
3493180
1761924
1354838
6502558
2881039
2430264
2928260
2413876
1104918
3421250
2923361
1549307
4461089
2669690
293860
8485780
3489310
5706201
5594367
244162
349096
3422169
2173936
1425975
6318341
4280519
2641409
8523672
2513853
7868772
2903839
6968260
7742932
4737612
516869
7432484
4906715
4173774
7101924
1922260
1474501
276830
1200115
9621270
596547
8139658
3430617
4986465
3435963
7228603
1703189
3285292
9476399
1687699
3227823
1335540
1730701
1702229
1283259
1602837
4620761
1128082
7462215
9184701
8933320
861363
9723100
6951561
2333864
3706764
1291652
3580837
2513819
2419746
9571691
3999058
5388095
298726
7453113
3852248
1487660
2277884
8534564
2753073
5293073
8130049
990871
9284169
5164014
1731384
3537168
3406236
1581194
3849254
1428669
4430453
3947009
3405919
3210445
1947824
1366520
2318345
6894424
148265
1900921
184679
8711378
1432145
3758798
5946455
7494775
2319937
387659
2915609
2606101
3449358
1144532
7957350
2651207
1509748
2787425
4593646
3525424
3186959
3234294
1350964
9356255
5605569
1694734
592575
3113249
3126335
3917521
2515930
286124
2762726
5640971
4272916
3641051
931962
2136763
5844081
6818019
3590627
1288186
4765635
1114704
4495941
4435230
2767448
3527355
8883529
3963742
3517417
8703133
6934249
2772804
1672166
2240887
159905
558983
2663371
5176535
48189
9688492
9911726
6343403
1933736
5165970
2731534
4169275
7928398
5540313
4973513
4134585
1220882
2495880
1837952
2614601
1612701
4329237
2428690
2553278
247001
7755956
4537985
2774640
6295516
1545384
6488777
1345408
8517096
7866415
7405832
6321578
2459046
2913463
5849793
4251842
211715
3550176
7995402
2896067
9192635
5845545
1274772
1107515
2752172
1306066
4635533
7730874
5663373
1828499
3954088
3397046
4805884
5844805
337262
6231679
2400862
4828018
9340238
7825778
2971112
5701806
8184300
5862479
143339
1963463
2720225
5349123
5958314
1645776
3321541
1475756
3980465
5686170
1740532
4927425
3596733
1933123
4805898
1230271
3514512
2879934
5625642
2589682
7787747
5800659
151078
6605256
3387798
2141129
695723
1831868
3468495
6320861
4388603
1786628
5351952
1658981
5615257
1689752
6100187
7526112
3572872
1424034
1764085
6534952
7417069
1360313
4989684
6172710
4555926
1323417
2354612
1136386
2847801
1994880
1944402
4299183
1162088
317355
3797165
3758272
2887041
6165130
8525418
1126099
2968166
394094
1681075
2629662
2438211
3247564
43521
3773708
3470016
9781179
1875617
1253901
7167105
1957068
5493976
777578
1319867
2418155
1439790
1632004
1572414
4367710
1205477
3594846
9180177
1747717
1167841
47299
4467517
479614
7489924
2484825
5168472
2143808
8119979
43567
2105210
8287207
1471321
4123843
1594010
7605974
4564443
1748239
6385907
2597150
1839470
1632884
538926
4548227
2945356
62964
9477020
1324866
193029
7384065
6502407
1178050
8714322
1126426
241679
3679651
9941217
2700953
1701676
6811740
4483520
5848530
2850000
7221630
137964
2323108
8309351
1779591
1138454
6389561
1565664
2927989
1563127
3230587
8250166
3373351
9479012
1864943
1186138
1541701
2830908
5556078
3255241
5628627
4284885
2889802
1248215
4173478
3170332
1379469
2816140
2944456
2184301
4948163
7833178
2700226
2704931
1267460
3719357
8156980
2868493
1588150
3439476
533753
5888350
9521609
6714954
1201724
6951367
2421851
6165865
2408557
2465329
1811385
131118
4807847
1546112
1631375
5280071
7641914
773511
5684588
833906
2948963
7438780
1361053
331243
6249174
3612086
2913158
1850115
4302653
4190437
195017
1589378
1801808
3378179
1779257
1576029
3754152
3375723
1872244
3644866
4771897
3609850
2601845
24412
6360997
2899296
3494578
5358346
1762748
1888001
460771
8923963
164850
6899894
2422965
1173571
3135024
1191282
7452641
4870211
2723006
9595400
6537746
231403
9114835
7308263
5966722
4892260
3326103
1706476
5733723
261448
2960002
1341747
4126125
1848780
1567703
7930019
2773761
4382666
1956685
1669668
6203173
1436333
6451404
1193689
6436156
1859911
4850304
3663361
2660420
1778092
6540103
34198
8561755
430679
4479361
2724102
6397334
1267839
173546
3551571
5798792
9478544
1488225
3668954
9154297
1492972
2467031
2127562
7412610
2451182
1364737
4301862
3388453
5283966
4844578
3567281
5858250
1805498
3219689
3952234
2350035
2332822
1884558
4700572
344555
1597380
5602372
4146519
570658
2937210
3169326
1899779
1608188
2750337
2628422
4583680
2751880
5316557
1297789
1480076
6389195
5201199
9291538
2994252
4219010
2610712
2441681
5707151
2810156
5615723
3698454
393455
7705102
1562552
1911133
280720
1170145
1150029
4643506
4145602
3314006
1871685
7931216
11235
2482407
3830034
6225491
395553
145204
3162282
695987
1997128
1425784
2314056
145647
1857483
8575470
1962931
6669079
716342
6680566
1528660
5975287
1542054
1669736
8628675
4230335
237039
4292989
1231929
181446
2418353
6927959
7762789
1645552
1785889
1776449
1901579
5365142
4356700
3799197
1356370
289789
3272814
8581527
1912181
2685299
5966443
226117
8329230
2382729
1290977
1349874
4229070
2844875
4342522
2448538
1908938
4321535
1290408
3139521
9418318
3311850
5140754
2168088
7541285
8747169
3247865
9139969
1214651
5612521
2330518
1967935
1415907
1922619
2614661
3300919
2772749
1893025
7145361
7583539
2214844
9988215
1823627
2538161
329810
183529
1106598
7991318
9205259
9251667
6996084
2977355
5704743
1965304
112668
2331475
3838426
7723033
1416667
1607368
9103637
1400743
7303450
6759854
5117020
5534195
2449386
7950338
3705062
1851509
2526438
6735443
7419371
3376754
7743665
115583
3264147
1942620
2720297
2292611
3968673
3435675
7737875
8837723
2545892
1143660
2484643
1697195
2939735
1966672
1209112
896191
9766850
5367996
2246638
261484
3449850
1399142
1750278
2463295
3997898
15234
1456165
6237184
3522948
8170538
4917191
1770398
8744041
2224436
2566583
7527249
1904896
148454
1551800
3261301
1204347
1785923
1513894
3580363
1118688
5298719
4307172
563805
1918475
4137112
1139717
926670
2352835
1571990
3163457
1578090
2260899
7327428
3780582
2454729
1779764
1645745
3721895
6250254
2893489
1509248
1959175
3595499
170231
3540820
7420559
9556278
5967060
1656710
2375887
2880802
7450980
9509604
1193576
558406
5897072
565482
193684
3246653
3252279
6641506
1835522
382779
3183256
840523
4731356
2609960
1643875
1776396
1474199
2574541
3945746
4121547
5287546
5999389
9393070
4494853
8437468
3123765
2407908
5120702
4794064
2922032
3601214
1334242
150105
2409968
2636391
1503939
3380677
3519477
6240220
1274175
2689024
218708
1652244
9460754
2322735
6394442
1132480
6954345
136808
1531208
8760907
1539313
3194968
1397017
1280957
886174
8156761
5718362
1844797
6622072
2692763
3490614
8541206
3689470
1865448
5531083
4807616
7562979
7672142
9374541
1175111
9525412
2672527
13970
2651586
258658
985667
4656862
3404664
3426745
2259781
4242138
3191733
1269541
7566263
6243253
2306922
2781486
1171723
7818369
5804210
3116915
6274212
2320415
6815841
5519598
1231330
8782039
7916690
8711780
1513442
1361550
9646398
1203142
371256
8216764
6941575
2729890
2865953
338885
2967426
6935957
2471927
5634090
1704754
3974317
1144160
711485
3282650
7966305
2494757
6602408
3631114
7826292
594956
1262600
1483313
3913064
472122
1316202
371584
7492208
9813118
3546017
2292974
1550430
1897423
7519945
2889281
353227
2804533
6850601
3162935
1243969
5682830
186917
4661599
7522594
6754581
1661497
4910118
1707730
455450
2845970
2787837
1141104
1447259
1824279
2249665
1693724
6427278
6425587
1281698
4468252
6175399
1370911
1821288
198242
2948650
297522
3159900
1532487
7505382
462537
2631490
7321333
9284151
3917970
2908006
1111532
144511
1912438
1698098
978100
1143961
424652
7976573
1515468
4356712
1722784
149647
3578445
3571396
1292677
172006
4698862
641121
7174410
5695027
6880982
6971098
8137948
2235698
5721616
4849810
6892233
2237560
8363598
2865691
1957632
8265963
1513880
3140934
579091
9822757
7137381
1450923
839108
9308455
3337958
2876401
2109237
1241050
1964522
3228486
1366479
328663
3752309
8866380
1380634
1932844
1284351
1668869
1653256
6308736
1700163
2470194
184235
5523812
5955129
2766119
3129898
4434659
2679808
3761044
1837349
2110140
2999550
1620697
3380892
1265795
5106808
8652890
237857
9570392
17289
2361761
6476029
4729071
9977868
1541372
1301685
2200157
2663590
6805114
2540676
5647402
8591462
1109468
7126527
6734997
6541657
5440
2643183
9329595
6580611
1282324
3184075
8645974
258596
7900272
4395264
4902262
7848654
2852622
6407493
1547260
2351477
1488372
3484589
4334657
2448068
637704
6815776
3217624
3849151
2712452
2349317
6132330
1442578
7199720
1281769
1385440
2745844
4612794
6431844
1932740
3439352
6752408
1897875
881989
3120936
4290818
2871995
1573669
1949821
9740259
4905557
7513512
1421425
7784001
3321895
1872678
9840283
2157804
1944331
2300529
2515448
2294478
6443197
1421314
7457243
1810601
1423618
2960885
1247917
3923518
7388232
1985814
3813555
6432770
2107313
122833
2472082
3304489
1175037
1207368
5928945
8424861
2568651
1349760
3671100
1296508
7569653
3734692
4377807
1533756
126828
4290878
890368
1389937
9745849
5619935
1825581
9817492
1141559
5986298
6911426
3194666
492763
4812377
8187423
2470396
2878934
5364833
2359914
5218825
2543589
1919271
144061
9779714
2242885
5214502
1391925
2869519
2312589
7852787
9741281
9472496
5572911
3609511
3301076
3676777
1118235
7920387
529545
2252498
9157416
1634896
3772345
1525948
2922934
1597708
1566831
1384231
3711782
6741727
977853
189560
8719598
4583886
157499
271307
1967762
1338268
8330245
2184909
2800004
5448616
1606744
8603003
1348087
2845854
2855647
8130856
1686115
1483456
1705838
1424755
6157514
3883108
1456175
1336957
3200350
1732846
2298311
6312613
1941233
8668724
3522690
9390239
3711183
3628269
6613221
1634162
1398062
184429
4256167
9698788
8701472
9294714
1639842
163404
2632069
6841513
1622729
1847646
3723630
1978037
7413295
8225448
5890378
7887240
4563379
5275641
1147521
135065
2619452
1905426
7849207
2891103
3511261
7976505
238496
5935970
1214826
3919652
2547683
5102407
5166945
4205187
8236578
9859713
3757314
1282702
3755152
6956095
1425796
150951
5476048
3964173
1903524
2897730
1819891
7259331
8846613
1171064
399146
7938277
4786501
2923406
167294
2312674
8208756
1559368
5421179
112887
9775496
5801507
6791807
2551997
9581590
627368
174068
5883626
1641352
5630253
1901541
3365604
2425413
3806456
7119188
1503954
7813731
7674025
1165566
5636868
4625911
2922742
938024
1133962
9435143
144897
5771927
1471456
2292987
1307117
2639894
1885585
159146
188212
2261029
3363200
5349006
2752696
3733145
4892787
2958584
5898880
2488544
5783747
2694714
5886370
1602354
8513887
2131048
388344
1792575
5473283
2166846
1481986
2696788
2325839
1728308
1607157
5451543
4150884
1680025
1400534
1492404
1414197
1526635
7387491
2188182
456985
1345008
5372563
1996282
8512
277395
4606623
6954502
1863738
3890971
1689782
4897570
2824294
8769616
2815942
9556539
1512018
882591
4123690
1137061
3643531
1805304
7262773
4314380
2138791
1700464
9925022
4819624
8461440
1848384
5325883
1402563
5383358
2112456
3171749
2188715
8383067
1971050
1639114
1610437
7493775
2712361
6321185
6836070
1298251
4734245
3979195
1969440
3291316
2549799
5980514
5586765
1993243
5181020
1238869
2128350
2730636
4485477
1665680
4790656
3180493
2649204
4900771
5634989
4550700
1826452
3879147
2333119
3648335
9451091
1215662
7612307
3958559
2653830
38985
2565543
264488
4774900
1903852
2668611
1345113
1151137
3297429
3412700
1263570
1772466
3774909
3741531
1750765
1423533
9805665
2550479
1402048
2917144
3868403
1312916
4574866
1887612
232522
8687909
5600068
1159695
231322
4855093
4894204
5916363
9643146
4373353
9443072
198668
2962272
5166636
1871819
2609434
4895287
5102855
454486
4307144
170766
1956211
1355876
7716757
2305822
1349003
1847490
3156916
3889653
7449980
7889029
2250544
2917089
1564629
5823714
1205935
1151332
8204753
198411
2267050
3650390
1892116
9115085
1144452
9257573
1425736
1549851
2221729
2905764
1352058
1142666
383957
6590167
2791908
2647655
6137101
8647620
9187119
2177490
6161829
691095
9620043
5430296
1571568
3117356
1994166
3617635
4230278
1187683
2784824
1129947
1577089
2405047
1245568
159612
3539064
3710748
5283640
1841688
2868279
1771469
2558757
2384948
3289635
56291
7144885
6944272
2193312
1907994
1710760
1405976
1864968
6904053
2139075
1243724
1426383
147743
1737706
2607855
7848107
133538
3516346
1268447
9598441
587354
2538572
1479330
5170435
1959508
566242
8732218
423688
1548438
4138408
1264320
5215245
4817198
4590522
5696736
6204978
4658462
9122111
5213168
1949706
1998341
2845328
1730679
3228413
2577843
2999219
3360714
9391020
6917612
3192148
6595320
4212575
9855846
1520044
3441290
3276938
3726471
1841219
4141176
1918427
3436447
6306026
1525465
4743672
9363262
5375703
3477346
2685509
1960405
5982864
1453651
6232432
1865365
1508213
1102469
3343572
2188946
1869987
1698231
4761911
862852
9683407
4547500
9489368
224229
1579320
257267
2204000
3880206
2635498
3831557
3363868
2580884
1957656
1211658
7419255
8203844
126753
8260646
1580346
2867065
3523765
4753571
3139640
2454016
2650972
6871878
9158838
1260072
2598341
4310517
1435856
5436998
1324982
2819778
7847821
2532951
7153867
1355523
1294088
1844443
130140
1690640
6599801
4740096
1632818
2358951
226823
3716743
2476283
3371278
2345408
8838026
9225736
3425778
2234928
1411677
1749732
4543135
7486651
2592564
2682565
1891852
2672610
145194
6794882
5585117
1908639
1741772
2701317
278210
154449
9709723
5844487
2523007
2242472
4994018
8200015
1659541
1508383
3921223
1888453
6633632
5698145
8174527
1483511
3471919
4992795
6635957
8244199
2868505
3539215
4931535
6474535
1928180
1905873
1446753
2745298
4360279
2616916
5679828
2282697
1739828
5240456
11318
2136177
2313021
1810332
6119972
2976456
5378635
3934573
8247134
4246359
5516804
1772913
1701196
1888857
1876917
2445535
2612853
1758359
1922106
2833685
5982556
3980349
2319280
9518564
1327933
5141713
1614949
3468698
1830553
8274238
5529868
1713922
1527926
6176721
6391028
9375269
1196709
8966312
9762570
1869803
2606876
7191648
1615023
8395192
6767360
2545635
4666030
1994426
1569784
5652434
4392206
6771958
3283895
2180521
2200301
5512619
1456090
8905598
1886073
2902054
4691869
3240555
2451665
8358617
5223370
4714453
182726
2228064
1113489
2755347
4929250
243044
7808827
1849780
7337353
2659104
9823297
2747339
4874301
6756878
4201094
2379106
9408869
1504328
5357352
7404019
2113649
74938
4360678
2393900
14900
1917228
3128858
2129029
6627581
4314160
4363957
5371910
2434278
7885318
4695479
1630065
2483531
7650927
1434201
7799031
8419395
2164870
6536108
4541787
6322728
1693281
1407496
4802932
5605904
7707403
5103451
2821845
1551821
5739696
1186884
2273135
3845727
8217205
1793161
4642712
2392499
7546864
1971129
9454843
2275778
5441787
5597251
9898939
7939814
1120299
6485001
2390059
6570903
2416532
1892655
2756835
3813466
7535968
1187404
9791398
2166001
2942599
148863
6897801
3815949
4292463
3741374
4184746
1735213
8168629
1302243
5238245
1952188
4670555
6341670
6856254
4339727
466759
866016
1356377
2445524
3498911
5504928
6847305
4970425
1524118
3809213
1411954
2927744
1233209
1566498
2944927
2992619
1540631
3618995
6911385
239609
2156590
5521899
4596774
1638451
39176
371298
48507
4930258
1185571
2358742
1578795
9464490
1130741
1442830
2875435
2108572
1796112
5931166
6772499
2910338
4462671
1705471
3958184
389360
2122672
192817
3813523
6447545
4153871
132889
3127209
4249826
3892372
4304496
2177469
118172
7453044
7104649
5876624
3537903
4937415
2643185
2301432
5558985
1359386
2831280
1485288
1320514
9473648
1746254
6146577
417279
8193391
2469816
2219340
2346970
1397297
4483556
6637659
1586301
3175020
7562001
7818657
1160991
5364694
3152215
8867572
1488516
1725000
1236468
1369044
1830814
1441760
3775334
284343
7554382
1684279
1582250
7692272
3141528
3459854
3129984
1877536
884631
1125583
1384945
5584732
1175180
3677712
9418406
1288933
5638435
1845504
2160853
1516572
1785915
21297
2722975
678622
1700629
6813141
1401893
134197
2575502
1153869
6612941
2246149
2929993
1618836
3503041
5602644
1768369
1890065
1580107
6443462
17050
6602508
5415326
5343769
1398759
2701560
2117203
338427
2490671
1104471
7886549
4459537
2165073
7656387
4437248
2630493
6711516
7573970
1744717
8390394
1959613
2692780
1617102
9753016
1593013
181283
5192795
7809438
6574727
9151412
7286424
2755131
530456
6405574
4269282
8389417
1797000
1383934
2539050
2241579
1948300
3881440
2973100
329555
3445929
2628808
6895457
4205209
1631775
1246138
1127529
570330
5898262
1116461
1367012
7286543
1264334
1285653
1700902
8920848
6549788
1649421
7280339
6795257
8848596
1611445
9847270
2436996
1976256
5366172
1918870
1187500
2125088
6663022
29061
1592722
8231456
9655083
8222816
6212922
8943672
1515820
1806125
3643170
7139167
6801356
8259520
4283466
1383759
4245578
1789437
9270696
1151286
5611565
198121
3149485
1595279
1821144
2477606
2104769
1105503
1455207
7281082
2594658
1153896
1317314
2776727
1897160
5294259
6450137
7117449
983160
2777213
2839520
6488135
1961561
1639747
1318789
3154908
5546299
2329499
1378461
2987793
3759444
5921250
1255083
1755492
324116
1590825
2477949
4822455
7859049
8487337
9701071
1248837
9188881
1351446
1576334
1650650
2579902
9184557
1517464
6824887
1268808
130930
1452875
1950898
1853833
5659229
3729586
6991198
8186932
1726837
179715
220802
331487
1179152
1678492
1479159
9895881
1513715
2238112
1992431
2428193
3820301
249163
2541628
5499690
6374376
1102930
6669058
8637037
2482597
5155485
7663596
6725266
326398
2949653
3988762
1690855
3917197
1605939
8524250
2487109
5325753
2627645
1376919
3571073
2215814
2896096
55475
4469537
2119948
7114287
4458849
1971186
9395265
1584138
1591104
1690739
1433518
7944409
8654224
6870362
1155123
1220796
23108
2958786
1890237
8827077
2682147
2410365
241433
3459326
6437269
2339249
1903463
3144266
2270352
3445202
4578821
4936422
5382712
1149831
8783527
8633562
3513243
1435833
2438191
6564524
1275208
1555829
2185562
5684399
1729629
2521608
2459835
564114
3431339
463725
1548025
7777026
6908600
717413
2521889
3848246
117862
3773398
4746638
5573405
1577695
1828433
1642577
1483461
6345487
1992608
733398
2138622
9185634
8398891
1569802
4987991
3564349
2503936
3271088
9544090
3855740
8496086
1297330
4721411
2710004
2536695
1572298
2393605
3762739
9374687
126328
1883753
2925416
1746276
1570308
4220811
8519072
3810837
2503045
516466
7642029
9159001
1885138
1812737
2320965
1925027
1389929
6766803
2660132
6367561
2961412
1682127
4451772
3637715
1263418
4876873
2657438
2640646
3585694
3429620
1827507
1447385
6654627
1319340
882583
2810833
7523307
1157117
3435101
9298808
1187358
2418133
4390563
1998788
2453709
3203727
2230172
1316255
1204030
7227785
7635966
4557763
1529648
2875877
7361075
5159194
1971429
5700684
3542496
1801799
160141
6675258
4424740
1750524
6781519
326922
3270021
2604320
3965567
1824585
1104398
1302672
6529499
9844809
1724692
6336880
8757996
8509042
2165361
1517449
634335
1757474
1415715
2198481
4104273
5842890
5348673
1356208
2143739
713576
3247275
2749405
1143314
2804590
2773150
1110360
7117696
1526818
218832
2684685
6854290
6563263
1294576
249399
6557095
1594215
6789349
1466781
3956449
5531038
1126564
4388048
1457529
2637938
3235794
1544579
1300652
1273304
2449463
1473722
3827461
2994402
2322002
4529905
2723486
5312550
2866758
1803144
1908625
3288146
1927186
6524007
6490189
1767233
3810133
2680787
4305653
8684352
228580
7514497
1207621
1705869
4114319
3505635
1682875
1893808
8469450
3925505
1706845
1494738
1270471
2613288
2366712
426631
1775735
3714916
1799380
1146229
5824375
6263725
1753428
7472594
8973740
1549608
3134683
1444337
1991924
1126220
1505719
1953839
2739016
2167751
1333675
167017
136290
1748434
3739133
3977614
2555748
2402517
4593293
1239583
4557462
3679882
519947
1541716
9984783
1409132
274660
1396010
1823459
1529991
3454058
325645
613180
5158762
1308177
7387889
5512864
1261063
1466526
665979
4384239
1471245
3125633
2588385
2878396
4729812
1894219
4667746
6983027
189573
55329
4962537
1500858
2899384
2209301
1842982
1189004
418026
1404171
3997758
1136905
3958322
2763728
7712040
5513311
1720685
3608692
8264996
3804036
1454892
3490180
137173
2999217
4299609
1176837
2682729
8685344
4777460
1726214
4850102
3496799
2481296
3138773
4953496
2873911
1864867
4909297
8249017
5782879
9110782
5626278
1739678
7748296
1788470
6437342
4655973
1162886
9844166
2764083
6886781
8854615
1455935
4745785
5450873
1127813
1937970
3561764
1718696
1419250
8882589
2729485
3590274
3297761
1308217
5667199
8671648
5721465
2826751
8433755
3376841
1700868
1775715
7199589
1337349
1474100
83262
6334039
385550
9397414
356987
8104136
4187722
1532063
2280309
8879961
3788364
2894232
1302581
2961256
7603729
3957770
3658926
6314193
1484998
2624595
1979133
4319304
8352582
1201318
1558861
2250732
1268142
3628120
664682
196923
8112245
3413351
1182619
8797741
6690279
9567172
1202787
1499520
8464085
3265210
251266
8168087
2373000
3933140
2589712
870127
5265874
681564
344053
2202109
1382893
6884354
1753634
7562157
3815228
972173
1757244
5616300
157459
2157850
826093
1275923
7822903
5281652
2513986
6543599
1304375
1767981
1196554
9693306
347894
6524547
242627
7557600
1958956
4586471
1392525
4899134
2955956
1153027
2956349
4858456
4481126
295031
5428903
1616178
1374760
1594443
8637411
2838644
2320714
2270025
1387886
7690086
1281863
7184147
2632808
6642338
5996154
1189137
2250406
1316204
9395576
1421117
2895596
2778961
7998436
315993
6348736
5652487
3181424
1324562
7141599
6730572
2535058
6272442
2765398
8523799
2850039
2265962
2204419
4598788
5375104
540054
1945877
1700870
2373766
1416234
328158
4732487
6419362
6814299
1182
8211069
1425509
5968824
1431872
1109990
3921129
9966101
1576565
4767794
7949266
2721999
1717946
2212779
1506744
4975947
5477941
6523008
5540792
3444814
175824
1724079
1451499
1903620
2935341
2536526
2285056
1183158
5638338
8953890
8422784
1107657
2877133
5810723
4257563
1296818
139126
1822385
3368931
9258350
4318117
1694986
6606246
4929079
1729506
2511423
9646274
1372974
2292507
3410063
2651041
2590267
7585925
4524106
1639362
2312344
2684125
3247329
1927989
1783666
2668385
2373752
3607180
9734173
263510
9751564
2200841
3670440
1975101
6629031
7516930
7185454
1905130
964248
9169416
4398985
2648272
1932556
9159027
4453448
3993713
2237429
8287013
1862334
2499389
3449480
7883696
1598042
1821957
4495151
13122
2359047
2252195
8919819
6262766
1712481
1708881
2250503
2652231
5746999
7429811
1383912
2707818
5378597
1773919
5262450
6797105
9947473
2281194
5839846
2385726
1355632
2314980
1850512
6445042
1586168
8584301
1677949
3716851
1355069
7611422
2759945
1192761
6727313
1748501
7150936
562433
774291
3584081
4544690
3570343
1393017
7839955
2679119
5266355
1645718
1477775
7358774
7160416
2476274
1823412
3152113
1129192
8293207
5737198
1510330
2791435
7609861
2757724
2447412
461637
1851360
4384662
6105076
2650376
1839851
1387837
1675593
220934
2748095
4210164
4720353
2463057
720457
1396176
5825065
2840058
1276108
1182002
1448034
1551705
1539407
1378982
3406134
2905674
3374544
147431
5971446
5779806
1475371
994595
324916
266951
1144076
2142505
5475872
2542650
6591719
8739391
1262715
1529423
5554366
1786763
1837137
1521674
1150289
9248250
5641518
5344183
1257015
1308956
3640509
6197709
3648592
1248738
2879129
6530590
4613079
9495949
238708
2717593
8610428
255688
2891994
3538203
2485794
3911899
1432768
7584237
1158146
2760181
6592786
1832504
193224
1259791
2817957
144633
7264750
3970249
8748340
1357522
9467510
9966279
1488492
2924009
1157037
1665899
3857111
1443555
2531363
7250568
5449515
5793062
5180481
5761223
1733248
1415126
3917084
1518409
3983130
4320337
8302054
1302782
2571085
5618553
1213302
3457385
5254785
5844934
3201859
689944
4448602
979821
6225580
1591097
4322725
8725028
1955485
8111466
5268620
1412372
6985018
2325635
1115610
8731976
335791
1888711
572764
2342567
2685009
276122
9930829
1295201
7517835
3623314
1522344
8486436
6179746
8628245
4547174
7529405
3128138
7432576
7984089
2182434
1745999
7273800
9770940
1499439
3287755
2284507
4384317
2245201
521174
3853245
2234327
1552263
256287
4555646
1476023
7572436
5618345
1111805
4239092
8781079
1256565
1831870
5779313
7171643
4315323
1234917
5646413
2768125
4981604
1680218
1509540
1447322
236182
2116021
3467432
2758426
1958080
9177480
4281215
2633811
2962554
3409645
699433
2233275
1895618
2514258
3453201
3984126
2562429
3671575
1772965
2626002
5936994
4375891
5499962
249034
1647565
1334062
1438229
2723398
4391469
159613
1773537
1250324
2897120
2808862
1805432
3285903
1352519
1606930
8810789
1336803
190038
1472326
6592222
5765552
1145925
4897661
1740931
3404745
4443861
1541492
3443053
2177939
4793005
5593200
3772465
2431279
914547
2520637
4371900
137128
4100644
6825135
7452903
9941430
3859574
682986
1351597
6284241
4818612
5926472
1366024
2925804
6376729
5775366
7802088
1628264
5323432
1813062
2374543
5885126
2995540
3542718
3617227
2254804
1760032
1193298
4261378
2898847
1961128
1645519
1352027
1813315
7690069
1522570
4921968
9659368
4751646
685929
1340756
283076
4754190
391614
5983995
2409770
3418835
1467815
5473417
1671256
3162158
2352008
4727420
2447508
4722635
5862952
133555
4324604
4552166
484445
48337
189471
113297
9386759
4492202
4782613
8399841
5714981
1790263
1109291
2238245
8153337
9259943
4960647
8475287
1698978
9503207
1197302
1852068
1770295
6442885
4778846
2817627
5317431
8664712
3888824
4739448
352887
1656201
8591835
5847685
4401659
3509112
3292125
113569
1672711
5880682
14116
2399026
1211285
2412846
3297573
7920144
7380023
1718717
2561380
2935785
2197953
2775234
7727422
4316377
137243
2704401
1211640
5345803
2943999
1171035
1162597
5547054
3466985
3236799
4653654
438236
2283852
8675937
11030
8194939
256133
5134360
7228320
2722593
47601
9239990
1219872
1368117
3471556
5669410
2101838
6626833
4487189
6226260
1895107
4308092
5865280
2636887
2444
1277942
8297247
1444206
5847690
1698705
9229276
1936585
2864728
2437668
157379
7382512
2524454
1322539
2511699
1338639
4437513
6189089
1345741
1412462
1636981
133439
1333074
5166118
2764206
1228810
1495534
148479
2317276
9210087
7705090
8536861
7237385
1396597
1795478
1462657
1738121
1958694
2270434
7420446
4607753
8166402
877595
1710098
79936
2622193
7830825
9175931
4776626
2857287
9922541
8526549
7578614
4769055
7916894
5809116
69385
4807922
6420366
1357790
1587973
3934361
2162991
1218862
2949256
1825366
9881705
1247027
1779583
1167568
3580951
5747246
3966804
1353658
1434758
2751311
7303611
6928736
8342456
7649040
3564676
2885545
6962759
8151414
6345471
9876340
3728585
1892975
1171810
556859
2628161
6236310
6499507
5492784
5371730
1121316
3793747
7732006
892199
1138468
493615
7669155
4334580
3238118
2292486
4440077
6607175
1947590
3725806
736598
447310
8994047
2806276
2985099
4667376
8611363
3642797
6538556
270693
2448543
1790896
6439636
1429642
237229
1496304
7720149
4254048
1693706
4983560
3437665
6976541
1175015
3752283
131286
166629
1912443
1275980
6133618
8534329
4853168
1267328
1315643
1661118
6275857
1824821
725303
2706093
9637659
9544911
2419054
1991170
1396826
3516329
8796141
2116182
1705910
8401860
4729682
744531
5819215
3637195
1944451
4176393
4855511
4730045
3188371
2602949
884155
9602803
2458639
4604519
1642945
2627001
564201
2881338
9880092
1530337
2135979
8222963
8598718
2566441
2689012
2315175
2912690
3226105
3121671
1549318
4958783
4258455
5751179
5586501
1871724
4431119
442421
5370617
2910495
4936201
8933684
238756
1579724
1760921
1429588
2376210
2156608
6813643
4525212
5912112
7219310
1357983
1648836
1201116
2955513
2647934
5995313
9880845
7745082
1169608
2492692
3286282
916398
2717544
2399164
5252555
8831790
6240088
1632670
1349726
5898980
1883305
160853
6816983
698434
1145746
544696
1794403
7759497
817076
1256889
6415797
2624468
3157288
7138590
3638523
2296916
55954
4565817
5713027
3824695
131455
1701441
4161122
1707193
9714735
1420279
3120371
8454666
16727
4591498
5137252
2272655
1329751
3935972
9619254
3704714
8337428
1766934
5686577
1674850
2266085
235613
3919744
138434
6934488
8434008
5991674
8367023
1987323
4262772
8350644
4397029
1727173
3739599
8871272
2895947
1831411
3306396
437787
8623794
4263639
8476141
2273600
6529431
4869317
9105383
6457677
2316892
9658673
1967844
2978064
1502799
1944764
6522968
5106866
1814461
9215620
5476993
1511148
3498369
7242858
9321012
6846003
164858
140699
1121594
2176076
3998341
689455
5748256
1886482
239742
2539257
5948799
1325704
9341937
4843627
1628362
349068
1152212
276677
6519088
2965824
116674
1351548
2594134
1159554
7104088
1492403
235983
5629173
1852253
1389822
3648965
2245694
4595943
4299039
3265174
5409221
394521
1833289
3641104
1911293
3495251
198931
1303580
251992
1164218
532703
2812137
1135200
1294719
2762963
5743044
5218282
6319233
2936411
9280813
1433353
6400915
1464585
4390842
1148590
1740898
5167105
2929269
7468610
1801431
7322226
3658064
2985639
5349803
1861691
7732332
2243649
2231776
1922724
9177898
448912
3748498
23098
5211035
1379103
1635280
1766412
5938440
426678
1482686
3905815
4906813
6724613
4535412
5490726
1201091
1245529
1785671
4852324
7846369
116584
5954973
2934885
1333718
8530256
1726611
450589
2502788
8806957
1989051
3534025
7205280
1171565
9772237
1855935
1984428
7120874
2477638
8105150
8147089
1378203
418920
223250
1745254
6582609
2849250
3177011
1288220
4556286
262296
2233431
6470701
1862356
7321920
495570
1973582
1178920
3404365
2967862
1713528
1820326
2204980
3513770
533009
2952672
7574693
1949977
4650145
1533503
5127689
6950921
7809947
2661067
2606006
5764251
5945341
5623204
1323433
2492019
7212768
5698491
2151079
1235510
1127392
1284690
6706748
3298919
4557965
5284011
1849747
8555738
1198882
4863388
6116385
1832566
4743451
2313769
3717737
5846711
1229748
678854
2877655
1979225
4250904
7693714
2424876
575357
1730686
3383869
2237733
1491045
3495829
8171485
1881792
7498932
2902018
3113950
1403353
2112052
1322014
9347498
1720512
2624264
1133955
363500
4407935
2786079
1172829
8433661
3790965
5839642
1789809
2595511
1227125
3253611
1935452
3180568
2157957
2332653
6228603
1899995
1266695
4512212
2433570
2842266
6309472
8938641
1219687
3575067
1647333
2536771
5843647
3165812
2465675
1746164
4326516
1729466
4255953
8590484
1409570
5487486
7489565
4979546
2307485
2207269
2920028
4576706
5474975
3818785
2742539
4865909
938792
9903906
2356447
5812738
3153253
3269479
7628747
8375734
5567797
6323912
1262375
5168596
1334869
1637192
2279063
2210274
2619920
4376289
5960170
142163
1482345
1392165
2654413
4830224
3896362
2709218
6728110
8636842
3812104
3851458
2166647
4151597
257980
6483090
4690232
1569961
178522
1728723
1554485
9569478
1552862
1494398
8908405
1775470
7377118
1336268
2828452
5475819
1913429
2674791
9984124
1779914
1139997
3139015
5936683
2838898
39855
9554229
3307608
3950697
1132728
2620590
1641475
3616128
2988464
1487766
3731097
182499
3777667
6244391
2284706
7990950
2889050
7408187
1883316
3745411
2744240
432051
2844832
7598447
1640242
5135207
3991115
1893120
678308
4776055
653086
394273
8614577
1441211
9849435
9269534
2404055
2800531
3506808
3221649
8499942
1794274
3552385
9195148
9522060
4255401
1785143
26755
1922114
4344280
3937524
2609766
6367940
5880767
1720171
279594
794515
6708198
553551
9584918
3612461
7619012
2213536
3677152
7114802
4297890
3608365
3926776
1397719
4694008
5675793
9448794
5464720
618269
4740968
2927021
1684803
1835519
5211566
7702371
7932836
2281902
2471635
4503480
2568102
6579815
3423452
1147892
1897028
1311535
1402117
3797287
3159472
5466299
3393887
824218
1456798
5877056
3976018
4277515
7851176
8148011
248134
136008
341842
9829101
4954528
2474406
1169835
5731369
6998827
933171
6336274
7231369
3145769
8291915
2907560
556830
3374598
7545129
1138158
1807037
7553632
522275
2694854
3298318
1376173
3622356
2702445
5928772
6323418
2903012
7808008
8758402
1715981
689622
92505
8223012
9527928
122981
2566819
421095
4725040
9847509
1226124
9615783
8311507
3200456
9522042
6899056
1975756
2712545
5502746
9465417
2872789
2952817
1186159
1233126
1802111
7515499
5220702
1489908
3878262
5507749
9826875
1930276
4661147
1664879
3178169
6770861
8623600
1329350
5813093
3556738
1917155
3242958
1777027
1195882
1352090
1144903
4713923
4415149
9705712
9541576
2189351
1194902
1229202
2113862
3285579
8125550
732578
1573989
1984267
4661939
7948624
4609478
3995132
3815576
1888242
4578195
56038
3620748
3849778
2686208
6878029
2139547
1938243
271625
4780761
1322833
3334852
371538
3967706
159274
2659820
2844150
1918862
3395768
1689144
1747283
9579839
1332159
1662800
5893142
3400688
3813095
9639197
7662905
1393367
1903008
4346965
4196690
9556754
185421
1506104
2340559
1631756
3240571
2584970
3758598
3130069
4719984
5162776
1254444
1700033
2787956
9906735
1237400
2953198
9571301
3924553
8622503
4483678
6268089
1666895
822329
3220896
3980090
1444633
5583672
2864364
9242428
4292329
2400373
1992455
1649355
1200118
1275218
1434039
167371
3506729
3777052
1585936
3831365
1291589
1444116
5170158
1408381
2595910
2292938
1352562
4715889
9979011
9204075
7888635
2254325
4987495
391190
4956280
1721967
5289429
2149799
3936250
2739507
1961220
9865903
4135854
182002
2194403
2720363
1108607
6358993
114463
1726785
1822468
1157962
7542113
1947314
6395525
1315927
9826361
1656936
2160526
3821458
1815175
1501859
2663487
2206567
1251856
1474421
5654249
2672552
2656421
1332032
7610183
2473623
3249052
2295528
8505640
3829607
7146442
8601848
4822759
430205
1287466
1267986
7115288
1190054
8819751
1279014
1799502
6484197
7180733
155575
4321273
8473820
1172183
1926500
7421425
2500994
946208
9960634
1385875
5363803
2953198
3225660
4808934
11975
6982445
3848437
3415340
2350120
2748077
1235793
1758775
6145935
4412778
2895478
4662208
5807184
2337108
2119675
3603009
4821666
1856677
1966232
5419954
2570070
7436922
3765912
6361603
8419645
129457
4695173
1155790
2159180
9777289
3383243
8662229
2442558
5522295
2153880
366911
1647744
8854649
7952469
2137896
9865123
4908355
3630416
3457823
1296858
1683865
9628606
1571157
7544391
16393
6248397
5341185
3805055
1897190
3295317
2535194
2423072
3454373
2592865
455788
5303360
6855965
1690890
1102088
3628026
7408235
2335660
1626629
1273570
8636537
1856618
1386582
9872147
1236135
6311770
2378144
9401382
1634284
1697678
1727890
2300561
3737741
196850
7101699
9711512
7189782
2309657
4174192
124295
1356325
1831206
1150438
3529586
7786724
6790707
4602294
2344287
1981661
3264535
220195
121679
7850824
4205199
1878261
9229606
1669048
2483557
3440329
8531614
2642555
876539
8459241
3684305
1625434
2728104
6683883
5581625
1842713
1176735
5254844
5348524
5899318
7372367
6759976
5473459
7251552
5508527
863943
1331950
1921271
4255118
1233361
1166200
1600131
815019
7133998
8549904
584017
6735004
4364409
8417044
6818720
8646902
268671
2530474
4328314
354291
7478567
1865719
3360408
8688897
3660493
2902537
2957138
1454664
1184415
6700283
1322264
2217810
1485675
4214582
3771544
2348941
1642342
18636
1166814
183966
2946540
5503901
4236152
5967676
182717
5587885
4918806
1134671
4227226
8583020
2265370
9773018
9603572
4624707
244113
22968
7172155
1314154
4216398
9969342
5344718
1519235
1344821
8726062
4461781
2290028
821091
1941720
2347650
290554
983542
1418501
4743430
3366518
9847446
5191014
1556820
5260001
380236
8125629
9160266
4702004
4938167
2142232
2901405
7295604
2761045
1969540
2380190
4474969
1815267
141276
7592547
2582102
968692
2412664
1840576
4413682
2495455
2900708
1718832
6103054
172791
4673816
8785129
6793129
1366771
1386919
2986262
1358060
4121967
2490152
1513117
4374809
5169963
1885380
2411934
6538224
3588952
7751007
4120877
4608196
1870276
6802829
5673496
1193111
2858501
1708324
169313
1295697
6335946
2331381
3691507
584846
5567195
1925931
2902164
2994318
4754368
1309567
7863649
1294603
1315397
1808714
4598576
369907
7312164
7165922
1256869
2157676
2330958
1399957
2433024
4299215
7312367
4538670
2385946
8954957
355459
2720356
2205659
4518208
2214110
5323748
1599596
185385
9632652
7110354
1759500
1137683
6321477
7231543
7621880
6604556
5107831
1108395
4160254
7318688
4945417
2736281
5546314
1752766
2966384
8615050
4445391
1189188
3771520
9728697
1699185
7721262
3407106
3903033
5183224
1522850
9532760
4206586
96427
2126281
261194
4523079
9634865
566606
3712995
2529190
7318924
1416806
4831923
1149115
3371739
9589970
1134417
1817881
2994109
6985788
34449
7155425
3544975
7364372
9895262
3385943
1522799
395947
2646498
1567678
1622581
2618342
2979093
5811387
2253071
1923091
2293746
17803
1494202
7936535
1294374
5101345
2643939
8654194
3180540
1351117
9675182
2520526
345226
1483255
2332219
7671684
4338913
2213051
1368549
3899114
228534
3562377
1880065
2806960
9742626
2227545
8208591
3504917
233139
8576580
6294828
1778426
4643635
3455960
2586104
1499998
3488013
1633605
1321358
1761438
5528728
794791
343263
2536311
1723990
1195327
2863484
6179608
3854016
2530361
1698778
6880118
1660853
3112710
4990635
8802103
4705156
1151422
3734258
181127
2170590
5210310
2272455
3652459
7749398
4276916
7730198
3408215
1388351
1740635
1127640
1621408
2903240
2383155
7378173
1808729
4662438
1580680
3294205
7210908
3678626
8497620
5223911
2729092
8826765
2456662
2959465
7797579
1249814
7505748
1984458
2888813
3458916
3451483
2530191
681902
178144
2310972
8107494
1129600
4440661
741539
258799
1505619
3172346
7132482
5633211
132343
2983892
2423301
2372811
1693443
3361223
2575633
7998247
384850
2552742
2814298
2136236
1950347
6325187
7367644
1307576
595922
3664364
9664285
2116740
1413199
4250355
3167129
6528908
1661203
3509550
4395483
2166832
5357999
2978715
3274722
231398
3390113
2976639
9141711
6327104
5116303
2155998
1756774
1894526
4275232
6398291
1177237
1346656
1347088
226757
2381749
1446025
1340876
166496
2189632
4885121
6660345
390119
2387201
4693544
1426888
240535
9599497
9749674
2869322
1891098
1768791
2286704
8954963
2850072
1311789
1896019
187738
1265926
4194584
4810337
1368365
8911214
6126695
141007
2268463
4540696
2744215
4873242
217319
2965971
2505044
9125161
6386006
3852297
1467095
6700889
9492574
1928061
1814570
3831800
1651910
1579073
8676656
1322364
3191351
1423683
6443290
4580426
5897230
2384011
210888
12663
9125888
3528358
482715
2263936
6230071
8101828
7189287
3336411
7230940
1452638
1993941
1844387
1816699
465721
8461599
3115527
1621583
9143652
1757251
9114604
3453966
2450184
2633910
7774930
1552707
3209356
9654972
4160648
5943170
2754242
7944847
7571136
1305474
224118
1251252
2264138
7872000
1577058
9369473
3559354
9499984
9995231
1959624
9931052
269881
7517795
2820288
1873638
9648336
2167704
7284042
2965661
1569575
1175036
4143426
1833464
7753717
2649125
7298711
5810081
6832702
6635074
3745529
1468342
5933105
5290058
3932555
7507810
2668988
1422680
5378039
1682212
1532120
2182661
6390304
2103084
1686253
4752568
1945546
5162165
1235677
8117910
1799097
3591811
1954361
1181374
4278161
4790340
5207163
3246221
1921220
6697148
1606160
7381409
3315554
5613856
2666158
187132
3293414
5636982
7229198
2811550
1501604
1709493
7282705
6289524
1492983
1865482
415672
5474413
1818890
9410890
4517070
2937681
214193
1818328
8295924
687942
1358248
2170045
2520749
3522209
3348521
8300274
9375946
1297424
1166801
6672871
8732217
9375416
5741018
1654063
5333785
1872243
1156252
1104580
1550634
1815468
8227771
7376967
5809108
1418698
1750003
8866549
282032
1135174
1762881
9455220
1493497
8719048
1695658
2547339
1956516
269084
1927666
677718
3598367
7807526
5125161
3899908
986029
4905340
1519182
1894730
6572136
6352681
4929067
2923483
2527044
1406034
1587323
9354487
4499334
1907088
4428566
1650700
4961795
3507829
2932683
3922828
474540
3709294
6974898
2804018
3790753
1287437
1177673
3278190
1550746
1717981
2295603
1232067
683077
1804354
5565425
2632052
3336224
6386325
5129705
4101777
2658694
3479300
441703
3392269
1138282
2535057
7451476
7169233
1236423
170751
2968138
1445722
3264372
327394
3550058
1374404
8388294
2476226
1100746
2443630
3973870
1932907
3107173
3621813
3484798
6625591
1679643
1296755
4228924
3320116
5985294
1138385
4437969
4302400
7273411
2196805
8541610
7950659
94133
1517765
4907977
3569112
2404478
188768
4428937
5230632
3772530
265992
3873662
2817244
1511165
836274
2251693
1611441
7846168
1249304
7132002
3345507
4383834
1575150
1199265
2832290
3358068
1459785
2276545
1276964
6366818
3151379
8563996
7546644
1485358
3103350
1446635
1341069
1124508
2749183
4537401
9775345
5733081
5703385
4777582
1219934
4729903
479365
1498027
1378479
1977123
3686348
9991674
2317517
1833064
1774799
5507652
197493
3557012
9623783
3179664
5322029
9429365
8610419
2419277
7848814
4453592
2193032
8304660
5234120
1967718
8921465
5511428
1815150
4384287
4260857
5981478
1980247
2668246
3709384
2337607
4951830
9611848
5733443
7405235
230240
1843069
9984000
986921
349070
1320433
2458613
2301258
4466176
7903810
7306047
1892059
2956120
1981916
4265425
2504737
7722218
6374479
8430537
2398479
1414610
9222184
2921776
6967866
5990941
1634363
1699190
2718654
1566833
1557208
436575
6995119
2113306
9829263
3272119
4977921
2421608
3190182
9287934
8193785
1897570
15349
2111056
2554621
4153108
8349155
1613055
3306842
1976363
1200785
9152412
1810223
1554199
1332902
1864044
3497581
5100739
6194335
1975990
1219502
4908976
493398
4987930
395017
3597444
4903308
2484848
2265606
4754640
2334374
1917770
1694993
6719928
1387398
1820300
1809796
1942497
114022
1574072
3229654
1992221
2576606
4567373
1932931
1824914
1860886
1977061
3684292
563963
7491264
1907834
3182308
4438386
3132055
1285481
7692657
1181239
165829
1481756
4804871
7290098
2508543
7715346
3135492
3451383
5792418
2111738
5806469
3804249
8331470
1696086
4244185
4554555
1513472
5580217
7333999
1275
