7456095
6903659
182131
1248666
5940549
5132437
3118955
7439080
1489900
5353710
7593260
1365670
1235624
8723771
7220079
4186463
8197662
4616736
2223083
2467462
6648292
1729895
7352
2507603
182301
1654743
2106156
1462233
4410844
5753126
1616856
3456777
2982229
7740820
1682128
1962597
1941291
8848932
2856317
2544929
3808466
2182191
1225696
2882371
5596062
7858720
1568965
1423750
1342491
1573253
1678710
5904690
7217324
428347
874372
43337
1974328
3849562
9331132
1563285
4951086
4871086
3254727
8722317
1453631
256897
1637745
5681040
2825589
9711225
1949938
4867884
2390104
5596154
8296807
1975469
2735175
3134912
2276254
1142045
7687317
2602973
3286886
4746919
2367885
1313900
3652887
3882253
2721963
3813438
51879
1569447
8294505
7949173
6772370
3510851
2340355
1158521
2653228
8705277
6124651
5474588
8752107
4136667
2189183
2358942
3991786
2787574
413133
4738372
1773264
5164501
3190447
3344583
2276154
1752516
5182691
2401640
1101548
4400263
2131235
8585376
6643783
1752514
571473
5479642
3624627
5578118
5368374
1239871
2656208
2880808
1296587
5426458
141881
9318964
1664512
2588086
586088
1369700
3632146
1322381
4875796
4130910
2116188
1489606
1529551
994782
3235690
5346874
1331603
3744069
1660982
1423981
8812799
3568009
3666167
3563412
2178093
6417976
154330
7515787
6858541
1133453
6216533
283424
170044
699319
1446031
1883993
3256138
1498103
4664469
2207968
1547801
2575728
4810971
12482
1135328
8117112
2409494
9567161
3465718
122352
5296586
9155286
427789
632307
1823743
2579984
7266684
6820731
4726948
930986
2377216
918938
1620159
182436
1181437
3689164
6753981
8529985
2922848
1881664
8128136
3838104
376200
7281813
8267527
6322910
5959403
1947492
2639932
165017
1723266
1580202
1352064
4943709
9196336
3218003
3683867
6623534
3302490
5280974
156718
1951286
1505263
4968660
2925463
1547027
1185026
111644
3123259
2352408
1418246
1597947
256856
1711568
2173303
3680187
121730
1788436
831147
1453959
8777578
4544634
2451790
1216008
4136376
2551644
4970254
4216294
172146
3833325
3855849
2267752
4492537
3292565
8349798
2382530
1673230
4487057
1673160
4381204
8566911
4211404
4398469
1858637
1171942
5120785
9942340
6232001
1688299
6440310
1775076
4339073
1384570
3127295
2793610
3156092
2709612
2586550
2524192
1844768
1136172
2889201
245286
422707
7704662
1840838
324048
6729109
1671923
2392238
1512360
2512343
1438791
6132529
139510
4372011
7996655
1572609
3907296
2436991
3479055
6762199
1106692
2919631
428905
2938571
178983
4318888
5492219
124833
7570985
3544669
2350678
2650710
2442368
9209120
1772720
1305296
260080
3954275
2343685
8300597
1342650
2202540
173504
2480223
4794513
8669033
1873557
762742
1126249
1808778
114577
187328
1660606
3457697
4235556
7776701
211339
6774254
6459587
4566178
1824500
1595251
6225213
2523799
78054
5866296
1260686
1121219
1447784
1787656
7366807
9492110
112049
1122861
6314409
3142846
3381267
2415160
4649381
1870829
1585030
1546496
7977515
1809887
3105154
2775468
2614911
5899872
3121669
396333
1613666
1906885
2652279
5430370
2432005
154888
1321039
5662553
3174648
1889806
3985200
4163117
4216960
517707
2755714
1855872
3786517
1737177
6405286
1208148
350655
3173797
3499826
892031
242686
483575
397620
515756
3234056
138133
2124698
7841937
1195508
7677575
2997165
1610272
1546097
9164902
5360695
14639
2983375
8593679
6277126
726594
3280041
484235
2149424
5321656
5283077
3194422
140867
7825562
5628936
2925179
1386632
7307149
4948729
190005
8508764
4879894
2181202
2828383
4823440
2842625
6722311
27153
386421
3548665
4816056
1770774
4253412
8812278
1754910
3235838
1575713
2147404
8147788
1600560
182561
971880
4986337
9527522
3322792
9110959
6476487
1104375
3118639
7100158
4826680
1776376
1419262
2371000
8281888
1790738
8831293
2763379
1405190
2568259
4371484
9525247
6502757
2753615
7606526
1810915
1394822
2862348
2571751
1782079
1412843
9704725
1334976
2864503
5814408
2781396
1208638
1145418
2527589
1371699
9530958
3658011
9262551
138664
8911390
5140035
2862154
8526716
6804605
15687
7652311
2515043
6287410
9312638
4335928
3557365
8167985
8684443
2240507
1233164
111314
469155
2476915
1441124
6701126
141137
5241647
2675527
2591284
655013
3516384
326683
7643365
1721078
5632507
3443524
1889597
2569625
6641813
4976301
9173471
6579698
3268429
6994323
9454092
3469830
6587988
3344108
130454
9712335
6927357
99491
9528851
375832
2866329
7691048
1326420
1455889
5927601
1177243
2287449
3918038
3273237
1654397
4978052
3812736
7915653
4951646
1998718
5257055
8117677
1111846
5254809
1362647
7505107
3592835
1872955
1501954
4209885
3810476
7725355
1352898
1311447
784012
1498660
8581741
7324509
1968980
1575282
1705020
475770
1433093
8755489
3690350
832618
9559038
6113575
1540864
5978216
5602645
1775831
6326872
8765335
1434363
1315450
7519960
5673916
7575893
2586904
1962280
4310596
7156596
2173821
5351414
9805868
6220192
5639654
2488752
123995
3749467
16159
3529178
7976337
1313132
6606087
7451214
2683374
2597364
981995
7115934
7816325
2974644
7444
6928724
1400534
1239837
6788661
510662
9586237
1127195
9700731
485437
2747968
5353361
3719372
2370685
3314896
1431938
165212
1938004
3958531
1351840
6595926
6253079
2372280
2969534
126784
5754854
9787925
2854840
1353982
1109622
9626223
1845344
1507682
3522757
1629526
2866179
8148997
1768722
2581362
9964004
1566034
1682326
4302494
2661881
6952352
3660828
291927
5896669
619863
2683083
6814066
6326914
2199458
132339
1239824
1316605
433743
5913629
2520687
9671356
1509663
4693759
7352815
1416849
6723333
2384283
4196742
1143304
1991296
2590111
2303933
8428808
9597199
9186442
2842731
1195245
8487995
17135
11293
1995967
1102066
1376809
1962480
1198238
1456789
2734291
5450954
6889572
9117676
1897625
195143
2727931
1539647
1267606
9455767
5654058
120109
1724509
2275407
1202526
2930183
2279617
5704980
6462766
2842807
229970
1207634
1149765
9738157
198564
6978397
3810009
2673139
3932254
8254148
9350038
2739202
1630555
4757929
2110394
7891479
1977399
1849927
3145585
5117264
1910591
3141104
4757805
8603910
2747245
9346639
127729
4181796
2398396
2418797
7392776
3470315
3661382
9299812
1655196
2341347
295924
7771654
7587026
3895936
1457512
1192229
249217
1888530
4611667
1750866
7528936
1294907
5589598
8925560
2632015
1243504
3927604
5300876
1387470
3790187
642749
3700023
1332390
115637
6280264
7823732
7452634
8168334
2336213
5535392
2609838
3951603
1326578
1541922
8509768
7323541
9665860
2902302
2971229
5812545
2344955
1543961
133969
53313
2271876
2795068
2846998
2288482
1371722
7406083
6721727
4801200
5587411
253110
3391295
1129612
1119562
4125229
1190968
1560122
4609044
7741643
1242218
1298372
7952976
9873680
4490991
4820939
436293
1510436
2860168
1169720
1214938
5213750
3508620
1272179
1753232
6958296
5117794
6322977
4339399
8698836
8807222
1936818
5499121
3827924
5145043
2317046
2409463
1479826
1988605
6799775
3820065
9781910
185034
3801971
7368092
318345
2865848
4647102
3511353
3457968
5512987
2536539
1607729
1618113
7144392
1143405
5647062
5259294
2547522
4156798
1521381
7339592
3771056
1668068
9634924
1761546
1495649
2142748
7487284
7210068
4392782
3790698
2435655
5918360
1753238
912447
1351249
4949785
2309143
6415406
3300790
2133061
8774786
5784213
1244479
5421116
7514145
1989978
6774417
6244666
193207
6487239
6642204
9496465
1289853
5328183
1807924
1507187
5741605
9398129
869340
3330035
2372471
1467217
1881552
4899719
1264988
4985542
4573150
7412069
174156
7483980
5331434
2182015
9134637
2193663
8464713
1658848
174756
2331916
8320818
2751560
164144
3899615
1127245
2734300
2366003
1508211
4983971
1396703
1722825
1331993
415492
1181333
8483835
1444319
8455232
3926498
2181241
4275050
5416432
8712206
1672002
4550320
8785691
1436229
2659964
8475553
2633279
3243900
3539875
3491957
4428727
9114357
133244
4407553
9402524
3513090
3906509
4900408
2377553
1269804
1442016
7572919
1176088
386632
1205225
541320
1541237
5342294
2229546
1776794
8277778
4855446
6270553
1532722
1180811
9928877
3785566
6285758
3364272
1696879
7940451
3691917
1129556
1758072
1239942
1340350
2491081
1453418
6467888
1311777
1408542
1942375
373434
3573446
2400050
1601652
1316608
9837600
3125148
298892
564825
1245184
7690657
1989279
4749469
9776694
6320726
1282478
1746013
6903529
1414892
7630931
7843467
2861255
7160382
1484525
2868876
6497592
9756897
1189614
4462244
119647
2306068
4364087
6153660
8822034
5567946
8866986
1356585
5204356
1313523
9880589
1837801
2573245
5191468
1363035
8865663
487917
3903611
249838
2874105
1671587
6743292
4407857
9119891
3836687
578110
2143893
2293756
25295
2103779
3725173
939942
9785033
4287577
653402
1881478
7690989
8932938
1347519
2594927
1654198
1293139
157853
5534396
6516384
2106585
3554103
2482000
4769901
1906733
854280
1568624
280950
297606
7263901
1604244
8108951
1256928
2380628
118740
4201157
219233
122350
2975524
3331152
5328973
1979904
8762418
1850066
2724149
1541834
2475853
1384186
4764697
2309531
4374732
2207394
4627259
4256060
3905152
4136683
1539648
2874676
1481184
7381903
8572159
1315759
4615843
2489214
6581970
1692379
173395
4994836
2208770
259021
1281948
4551573
4748670
8931179
5510718
130526
4765117
7399541
1943911
4475529
592945
1715317
2802209
4513598
5856759
5330740
3126848
296983
4268350
1801606
999399
7617098
8830517
2201472
1803513
6697121
1207407
1100438
1475849
1696899
5161233
9832805
2914382
8173478
8615473
7345665
6594712
3614899
1618524
1249545
3741809
2770564
1710437
1230379
213716
1152753
9999548
1789879
6469623
1561566
4346994
1863268
8143433
1375095
8118694
1864168
9338445
5577622
2480968
555296
493038
4316204
3280690
3409135
3913714
1928271
3381960
2818124
1326144
7272583
1905814
3555719
2346597
1760479
1694323
7388312
1381475
7837929
223660
78887
5963839
1804622
2249292
6777226
9751789
2231930
1591162
2544902
4293822
9692531
2158620
1725527
8357160
6848797
9741023
155333
1567863
1139313
2797042
2281754
1882925
5431086
3404328
1373019
1886850
2827756
1784793
1634664
771741
255428
8635680
3132485
8624489
7516092
3128789
7503383
1260946
5987481
1857378
1578232
2838029
3929667
4202737
1409863
4327578
4609111
3246307
1214438
2711272
612372
298330
3995391
1861760
3633759
2173337
4492980
677591
1603704
7399501
5359863
1847353
493158
9386149
3901504
9398615
3813975
1725271
2876322
2821776
281293
1973044
2196202
1346446
3228915
85098
2530073
2885995
1114124
8826835
1875655
7422582
1407554
2356829
6410145
1696218
2770314
8452949
187861
8676916
1315306
8163769
1597579
6988136
4886240
6814331
611217
6955967
2947220
2311708
2473832
4933445
7976701
3432234
7586831
7904612
3209325
6321117
4498431
759094
1653584
4145404
9567921
3358669
1489967
1232966
3223696
234525
1392833
4337451
178523
1868926
289079
4807031
9801949
1521104
1519931
3138941
2832779
6765210
1942310
2568879
1209917
4987355
1615324
1657663
3722748
2450538
3353986
111542
1803623
2920346
7249591
5816534
1336462
4261660
290026
1934502
6982761
8377689
6907721
4494518
1345182
192521
1299045
4891753
6920922
3788273
1694301
2279997
3710197
1491479
7262539
1996520
2833241
1153111
3575535
2466889
142574
2118552
5690603
9533586
2780988
1226781
2218840
376126
273006
2114477
4140717
4274771
1240624
3975967
1670469
4507544
258408
2428864
8104704
3448153
1702339
1960590
5477648
1539557
1909893
3388015
1531147
5872721
7118388
215581
152133
1209350
1187098
4846783
1457216
1307233
282501
8157229
6704476
1744591
4588091
5272963
3601309
5484118
3568027
5184761
2599922
2792992
6356560
3901531
741424
1331085
4633221
2916893
5739829
2157704
1769822
7728272
1879123
3315005
1524349
2958400
5341133
5894071
2110477
5150056
6202937
2957252
1957337
1761212
8855395
1544923
9329830
1736545
1400151
1256787
9808462
872377
1592389
3738345
1333724
4798764
2541307
210155
4836415
390853
1998511
3919480
1907175
2900063
8856975
4749828
1720241
8257714
1246034
2836296
6124647
930218
4786667
3135323
1829521
4481430
5470429
2414182
1964562
2656125
2559606
2277609
1519806
362886
3390870
698988
2645018
2847429
3495125
9378046
1649366
8306387
5175525
6880676
125247
9979533
2228081
5471843
1517422
4709771
1420651
1765108
8794541
2359356
8620204
7438584
7162300
1551335
1906331
6129053
8661953
8433155
1645297
1645915
1668176
3463929
6109404
8488723
8517843
1443644
126544
1441845
9113242
9451393
2456849
2161870
1714081
3127072
2209252
297758
1814703
2300362
145109
2201119
8834938
9972836
180670
3838227
3705937
9763240
381066
2644818
9692365
1183892
4950843
1893186
266845
2833423
7480430
1899050
4727691
6754006
1720682
457180
1666691
1240244
4417000
9311915
116056
2615913
3554657
4535901
6726774
5798128
2387435
4646628
1285519
3603307
2745389
6561224
6636841
1401360
259151
6678098
1263692
6856556
754884
3116889
1901886
1944164
3107279
3339270
4224562
7416333
5778962
5192946
5779481
1911823
1186757
3597361
4873349
220507
5977331
8321179
1592237
5841198
4326234
3402580
2477915
1160510
8236421
4845006
9535336
1923208
4372239
1743996
2297141
4984723
128888
1853728
6521051
5419823
2218845
3855537
289087
4809738
1971104
5914526
165534
7173713
2770992
3950403
1662105
1156111
2906370
8695974
8780029
3427269
8595319
4546714
6700513
5211046
8495044
884561
6406923
1375378
8562788
7178048
1524564
2515513
191152
5734156
2135069
3116693
2154905
9586113
1816207
353883
5729585
1647993
1366511
882434
2147127
4531096
1492310
4656180
7402040
3243648
785748
4569891
1951232
2106536
1885513
2654395
3349860
1512911
8902403
1695325
1269892
4455705
5573488
1162191
1912783
2392142
6973324
3614035
2301379
6238617
2967302
1886395
2513810
565379
615100
1842560
1131011
8317777
1322692
42105
7615580
6724168
217256
1469342
8796777
1609432
1305495
8305563
3778369
1790759
4629845
2835837
5356967
1199399
4558114
6479963
1522781
5463553
2650401
21664
5261356
1290452
3123742
3987578
2903416
955376
1243573
2385770
1872359
1676462
1277202
1768244
3997626
5538280
3388536
3727565
7531849
2796431
6398503
7407878
3391542
1191015
7443360
6811302
3504839
152019
6355609
1830159
1433891
2342091
1953105
6827477
3806681
2967385
4168499
3854163
3949355
7501074
1142486
1622288
7717623
2357239
4660152
4110556
2732756
445983
9763313
7713413
124334
1342611
6429468
8671388
5842570
2387360
7581176
2563130
1781376
2941300
2714495
2686924
188140
2462471
2752121
1563724
5432112
1755656
2401143
2635069
8332599
775344
1988268
470177
7633379
1890877
778034
69720
2955370
3566444
1812240
8130760
3190788
253923
2677653
2316985
5136807
1687902
8726425
7301494
1721788
1549020
1600578
3896728
2879492
274088
3606436
3300164
2675451
3699194
3410855
2271112
1876501
1538693
7490130
1909856
6799151
3417366
1864920
8903504
8103534
16652
1727490
2871235
2310202
7737691
664246
4340650
3951308
5452542
5788117
1570660
1489340
3435748
8379307
5195603
186939
1911140
2804673
9983598
1290605
9857003
2689145
2485678
1891780
843983
4333983
6977158
267173
11991
1882887
4721842
1369902
6465952
4885418
1959718
6369365
3207782
1577668
4225931
7146973
9778070
9141329
2456238
2480709
3410584
130229
1844855
5783959
4106795
2903411
1907152
7152843
142807
2410838
1816012
8271332
724298
1383204
1236450
2406223
1186510
5754768
3756727
2309841
1546674
9287773
3800486
2973789
114854
2850533
4713846
1309267
25052
3420425
1883632
1514917
1509602
1304736
1582732
3765081
1536441
259408
8248614
193204
3187195
3295177
1420487
2404007
9729105
152224
5928672
3904497
177892
2289573
5776542
1880047
2830112
3160264
42991
1521412
9431000
7947945
5906329
4178614
2965521
2644168
5656310
9797289
5912447
7336587
19962
5478763
465145
1812304
3543175
7606050
344441
3245001
142451
1778365
5317907
1325274
8231240
7831505
1431882
8998316
655530
1197867
2962322
2174735
420446
4590001
5232388
8838619
1899467
8638927
920692
1363534
2650767
6607520
7799126
4764846
2308627
1636651
8857649
5607064
2183235
278413
2879381
2385556
1384751
182335
2830171
1616957
2158668
8449639
1225908
758080
3465103
5749784
2941762
223778
194778
2684672
5832274
9906874
7597682
8763625
5673448
7206882
474948
1672429
1488269
8537260
1998381
1515951
8205293
4769636
1522913
2500583
8698493
6278079
9700365
3275917
1967457
8124359
2931270
7475954
5210917
2589890
1399236
8362443
166625
4898849
4872050
3890733
1890403
2742662
2240277
2857064
1714099
1542578
1902242
1322430
1371890
1581615
4392251
2757932
7289985
1113056
1511298
640678
1553998
1494919
7622160
9431783
1112684
124095
346983
1485600
1585055
1365649
6170383
1468630
2986540
1656761
1515048
2491052
1633204
1382000
2177661
8628781
3335681
6669284
184601
1948207
5599641
141795
6488701
1419222
4851918
4469913
1222027
1296487
2915051
1896308
8203473
2767953
1385133
1796458
8138669
2143399
4286303
3385538
9356372
1749030
1332951
41693
1243434
1930993
132389
3859535
9664506
4851662
5641818
4673091
2830680
3959579
939178
13073
1819207
829509
9896522
1385736
3430169
3650317
1557871
1337225
4964642
2568273
1168512
1886186
3201824
1118338
4339953
4538953
3563937
4709586
2735289
1385374
2383901
5245111
430612
8896057
2345999
478609
1387151
5232744
1229715
8141111
2175073
1400607
488764
3760834
1272405
6253741
1501164
1953210
1894368
185732
5430183
1589819
5299890
2736808
4735407
1195622
11079
6926922
3899898
1471204
2818097
8534112
4234666
199692
2867199
4231908
4878050
3143726
7295515
1120904
186831
1647101
1173574
8471424
923947
7869643
1491945
4993419
5997779
3253317
2712980
8838
2681888
1637446
1229162
5805890
5146080
2908638
5619363
3638847
1218150
3498674
2591602
1104127
1364511
8794042
493186
1902854
8863144
1809109
3122058
1627007
1747068
4388807
6435202
3823991
5910864
4205664
5835124
1172806
1288674
2714084
387648
4935969
2772825
6380630
2773808
5382666
7147344
1678817
273512
4528608
2778456
2319723
1843982
1874504
686539
4630206
7664692
3408967
1421738
2914690
2237441
1817293
2609707
3352297
9235483
3606687
2943642
2371100
8606264
4234967
2555445
1575563
1866986
9265290
1698454
5175419
175713
3516094
1434999
5806296
544276
7452502
4907267
283880
5349108
933480
8403578
2645483
6682123
3376561
4347237
9928048
6700632
7760754
883292
1746818
7741123
1324561
5681552
2330140
563199
6512352
7469666
1584828
1566348
8649993
9526534
250419
578698
4260874
9624961
4974119
8739400
5141201
15774
1940803
4148934
366477
2113490
2303810
4571211
9160262
490289
5316265
1500312
5356713
2644695
1394872
2459095
1582534
1561971
9426504
3916638
2545974
985331
1462700
4222022
3866023
5875418
2456993
1379880
4891621
8901175
5837880
9394450
7791286
3478170
1870634
4919395
4238822
8123813
6904202
1460920
2106650
3955593
7472100
1518867
3354414
1801702
9679679
1264951
9392769
1488311
5155334
3984388
450433
1857251
6336078
1844483
1630692
4231507
8107771
7433318
9488641
3340235
3442536
7681512
7530519
2940784
9730285
1318171
1578413
4139446
8176417
1159886
152484
1513610
7444810
3149785
3180197
2908656
4827846
632157
8875527
236903
3229132
3798709
1779952
6552486
1224429
9138348
2228082
2758539
1523832
6538933
1409423
3495813
9100000
135460
5927987
2949519
9137538
1966833
5476658
276064
3416261
2580979
2520583
8629483
3989474
286599
2873932
1492162
2116469
1546509
6443719
8640573
8511455
7162104
5847273
6889258
1472064
7979964
4332582
3359470
7973411
2943604
2300541
1480135
6499424
1387818
5738225
3632917
1540689
2164875
1522464
5954808
196308
2617357
2429861
1163267
1885584
556486
1770883
2647198
114684
3713125
9601988
1809282
1207792
4782835
2891566
3569748
5371471
284017
3127742
1434369
7621999
4237846
1967845
9737844
1721684
1138299
728768
1716343
3477084
3383614
589903
2844019
3218338
2342050
84506
1425846
119048
5459371
1924101
350571
714739
1142447
2706906
1118169
134994
9753506
3256967
4879145
2764079
5480778
1438658
5873485
7873359
2461649
7766720
355449
1600536
7880310
1862330
4566830
5504023
1240149
2520178
1246837
1699331
6238755
2851991
1792450
4966603
3752158
7188634
5508671
1325582
3431164
3721913
2329795
1865720
3674037
6752110
1921234
2314750
3900073
1853516
270819
1783690
2696381
7153899
2325190
3898804
3483914
2370038
1625511
1739506
4131895
8845683
3184590
298150
1621886
9842158
936821
6650611
3552369
3164286
2877295
1379952
2905867
6149531
449836
1327469
1322721
1593683
7469730
1340757
7726773
1351985
1107657
7625393
1823963
879108
3368076
9626958
2222550
9840135
2700907
3863534
4341325
6739585
1795350
5865968
1889248
9747511
268816
5934699
8666482
2711422
3153963
2434703
1304080
2432330
5400187
2635702
692911
1132109
1205630
4730294
6878159
7805686
4748494
3445539
128720
3328464
4953066
3341413
1469979
3527189
318688
968887
4271692
3712571
7641916
2228077
3784140
6356724
7164074
3531075
15468
1662122
6805324
2719690
9952444
1564961
2800607
4921979
7640361
6964616
1840000
7392705
3634117
1534649
1618468
4165377
1209783
2844883
8881229
2393381
1208669
9725784
9418423
2429385
1616032
1919018
7225292
5923013
4586739
5887629
5680297
9312320
42899
1852496
4156978
197826
4397644
3866650
564488
329779
227758
6905774
7987062
163927
194232
2753773
7780840
5962060
1650599
7896084
9460577
1221965
6857368
337898
1869636
1438761
1600601
6650440
182952
2722289
8740227
3683143
9762003
1886706
427864
8614836
6717154
5236239
5308732
3911775
212920
2483463
3585666
6834077
2958758
8934504
1187471
2306150
6933871
9494789
1436158
4865806
7944183
4928167
576393
4564867
1737854
5504405
8283824
1957089
425872
5104704
6556531
1749406
3682144
1402119
4372387
2216850
5801663
3143687
2280293
2202112
1869066
1384439
7976972
2697047
8828948
2856238
3835357
5251742
2458467
1473376
6758959
4223649
151998
1704730
1192246
473901
1862810
9821529
3843132
2249116
1706844
6974956
211421
3758361
1461131
3348313
3216546
5790497
3182482
2921042
1520458
6313
1867566
7334952
226230
3778668
2321622
1762843
5772190
7168881
6262580
18510
1200816
4210618
1937780
3149589
2468990
4473725
1915038
6499996
1695234
4429423
1714054
1414468
3423350
3416803
3845924
2225661
9502179
6691623
2767699
1819212
5412500
380695
39554
3889204
219506
770759
2824596
1992143
5677204
8354211
2430647
1136766
6561942
1483439
2290310
5193787
245995
4466346
1358110
2802787
1752081
7473214
4290495
2525445
9444147
1957562
1730640
216864
410670
1937982
3677172
4819555
3259982
1238696
1316237
1696613
3262448
545864
2974728
7255011
1129845
3389355
9445825
2905810
132339
8117100
1586706
1513384
1364932
1210784
6985919
179292
2471530
3436345
2406712
6865707
1324367
8691990
151428
711551
6639726
4218253
1974624
1751195
6363810
3338674
245839
7697242
9284517
2399256
2576060
2239548
2864289
6537035
2722634
384080
8661545
3950585
2386719
3439613
1749675
1546202
1218571
3735193
4873248
2264405
5144685
3238112
2595910
1260367
1473883
7961339
42686
2210655
1292958
4948254
9946493
9946628
6393757
4320655
3288186
1996534
5503267
2514296
3382658
1137302
2305234
1114415
177905
3584302
1612434
9542965
1848508
7296198
6218626
1598994
1551611
4533062
6303416
2913490
6939317
1896673
1636198
1622296
1971112
1789903
1973956
1650768
1251398
1162053
3740335
138076
3507712
1336635
5740630
1273964
176046
6120110
2712709
6504808
1571545
3232252
6789972
5564291
4617276
1890000
9981084
5520028
3788037
3643711
2279240
1715729
1523674
6677498
3316842
113712
1829331
873158
1907095
6397719
2354415
1684116
5438134
4948583
1170724
1576535
3416455
3852235
8267709
1940054
7876477
7971685
8711498
5597638
1818952
3214364
2540649
4177576
5785884
2881496
282106
2562690
1358898
2905095
6292837
1159813
3398104
4949829
3709153
1310439
5934378
2720280
1377823
7248945
1778524
3166278
2235427
2441851
6332693
8694663
5661108
5145495
988818
9383675
8163802
9469505
7679699
9656924
1557827
187129
7935658
3680782
2478018
3347064
1670956
6632364
4993683
1134662
3681907
9741423
1576994
7980832
773723
1464377
8112963
2919679
5143215
1934649
456879
2680984
3659038
1165355
6822727
4118027
636567
6164055
8614289
2119335
2909652
2289428
1168754
2554851
3138902
5200882
269678
1595426
1630289
495871
2211621
6260376
1811381
3721893
5753894
1123025
2535992
5850512
1450258
1343331
2797302
1739784
1608497
5431582
3745598
2145532
7326774
2399394
2356098
1257233
2880219
2196464
929883
8814893
4362558
3651413
1383817
3856055
8614078
1811826
1891755
3929747
5431784
4107988
2932313
780012
3734642
1470643
4452365
3287719
8300044
191211
1499687
1209626
9308488
2619891
1570558
1783427
3359146
1128610
4420526
4136260
4381652
6434069
6253784
1454952
1317260
2172708
8815729
1786735
6318173
3773113
274992
1960627
1657170
5846135
3465567
1917177
3948300
3409852
1968815
2590685
2995361
3605506
1700585
8756683
1188410
3691649
1370045
1615167
2179459
3947768
1864202
2169377
1730615
4307672
3820856
1234354
153228
1610793
2562197
1638548
2125140
1751150
5777799
1140037
530303
7764612
1208368
1150348
6382976
1787635
5309724
1124082
5742961
9966674
374541
1539624
2836587
4918356
5654341
1521384
2133175
6829128
1339197
1729071
510766
2589945
1419887
1739275
7236703
5422852
1273711
8353862
9269142
1919257
23136
7789371
167778
1541820
3537957
1275807
3706180
1707233
2163319
1402277
1334366
6683083
8590727
3942910
2976074
3805087
1905787
3358330
4270952
42918
1811512
8570135
5878297
6257975
1246653
1189676
1991964
1263085
2912685
1746487
9732751
9384320
9664611
1943672
2981282
2583784
9417160
3523600
1145676
2477220
4850527
293356
3135088
4298853
6290554
6581222
3238288
2715980
4122236
1601720
1192404
3245454
478061
5495687
8164651
4368965
2100092
3380025
6571834
6909503
5880612
2999516
4924155
4930901
1547738
1988388
520087
8561147
1424221
2488434
2317873
4550132
1479948
1587811
8168212
1326677
2913637
1955616
1871762
3716663
1167340
7936909
321647
54634
5150914
2214813
1916055
8657350
7243813
557042
1505156
5133794
1506468
6329112
5790538
4980502
1168229
1402103
1602502
6150778
1172475
4827859
477660
3361072
3811732
4900739
39525
1687072
9136125
893654
1471356
2171479
895193
6952707
1641671
5968472
3823182
6701268
4819629
418639
264619
4916412
2283345
9418685
3147766
3607693
6789551
1680134
1458874
3692744
1504273
2116439
4498558
8376290
1133462
4896708
4178256
6400662
4442983
4755062
4133234
3157539
793659
3129692
7332651
8576327
1295655
1333163
1367564
5217881
2344003
2276754
1665659
3778553
4189474
1714078
7283067
6837525
4542804
946138
1495739
7199650
2862866
4871588
2528370
1913505
1142911
354255
1204195
1690518
286728
3825758
315992
3306031
5685356
2866363
864363
4797992
3241564
2837397
1605044
2980550
6463059
1163989
9419254
4812911
5831157
5718712
1347042
6698967
9826042
1410608
1117763
2931507
3787313
4604820
1487515
5823301
2153098
8217833
1401192
3521845
343362
3901381
2503723
5532268
2580205
2100997
1717848
6182286
8741196
2129904
3153464
1594624
3370051
7662815
3527117
237626
1972583
1417139
3998497
3361752
2164850
1269359
1517283
2911202
2213056
1290949
7927369
5541171
3281988
3629362
2726272
2440113
2219650
2909199
8556151
26215
7645304
2867184
1284309
1964336
1832137
4936313
2748111
2930435
295281
2649765
123094
1252164
2112490
1458624
3254252
7761271
8219086
536470
4669646
1977836
2679130
3591474
2443730
2931868
1400599
6313584
4603551
1169814
8122122
5105559
2564890
3756603
1887288
9703090
5608540
9771823
8750135
1290460
1681436
4775438
1423981
1460085
8822562
7216613
2207436
1677505
380069
3517626
2769232
2774943
8721548
219054
1889082
5771605
3825855
2866008
2964527
298623
6865038
3384807
8660732
149302
8232302
1158915
1747180
1910614
1964760
2602569
2681143
7530012
1821905
323083
4187690
1765314
2757753
3703358
5454222
3747737
1411258
5143965
585336
3257253
1889076
1692351
6983704
4991738
124863
2198626
2836740
2404449
1969299
3277939
2904737
386689
2767078
2968362
1158511
6297826
2213259
6654890
241981
738612
4382039
5331908
2773275
2887719
8548673
1862901
3469756
3991975
194946
1222999
3804047
3748226
127290
4954460
3337245
1139795
1732580
1900004
2305627
3152898
1160543
1189292
1613278
5912111
1884804
834391
7770575
1330719
6734973
8236729
2978636
3315694
477742
1370211
1125755
1585758
5653633
561698
2216035
4884290
2964555
3377239
5192490
2852688
1719206
2429794
8294062
3793359
3526585
1908504
3995592
2199971
132290
1779052
6132842
83028
9249805
1334099
1821174
331403
1592884
5959684
5553722
1120787
4731545
1523071
2497033
1122082
1397983
2692099
269771
2497270
1851532
3457969
7211070
1175379
8799206
2173049
7651443
1611457
9368511
6920480
3770393
1596314
1570740
5781793
471113
3313294
2115685
5385391
2569344
1629876
1215505
1423120
7415258
295368
7934805
150470
2666044
27600
4772810
7303305
2572819
2969681
4406446
5822319
8188255
559590
5618506
3979709
1210021
2721187
3334642
1601583
4557642
4397875
2668155
4144933
2185876
6294148
1769765
1729645
3256120
6860237
1621090
3556091
3176404
9190185
2191437
8601181
6491574
4218623
1516403
4975057
7685026
3310554
8897818
9880445
1140167
9382146
4716326
2825235
3773486
7692952
1686425
2403934
3746972
1296915
9894336
1849320
53947
3199765
9948484
1157039
4926605
4982083
5266215
129682
617599
8949626
4510305
1775827
4374650
1819850
664166
6616156
1954902
3510947
3135468
3393482
1866453
1505937
2472890
416068
1311006
1364988
7251921
9462418
3654335
5236924
2687169
3573415
2260777
1222725
5906621
5758513
19695
160655
1306550
5331649
1415232
9978175
1739316
688538
1841352
1700891
2620843
1130003
3123365
1440263
1779300
8801012
2826412
8352016
3251345
2281457
4999526
280814
155322
6681084
1997832
5116529
9521967
2475557
2239269
1814163
1947988
1164933
2666099
3284042
1775085
768405
59373
1729102
3233969
516196
3704108
2421379
1507823
1245358
1932515
4462649
423440
225716
1691266
8635748
1520983
8553180
4343019
8382589
3832822
4560796
4689287
3335032
9569053
3360130
2204231
1459621
5763422
2923017
2359169
9387345
1195300
5287001
2308961
742719
1942409
6591571
1324172
6863875
1338136
9652683
3324956
2372286
2952761
1751098
8941118
1207465
6560140
2578464
190460
979328
1487131
4124763
8248280
8986315
5103337
2164180
1737666
6583940
227672
2130123
3333958
3815903
5425316
2648900
268618
1949801
6121835
3887546
4880720
1466988
1470038
1348842
3345553
4306005
2457378
5659740
695488
174720
763809
6853179
1654368
5786313
1367281
1500704
1683260
9740396
711841
1562796
7647340
7187349
1621328
6262781
5510761
157335
1203061
2242037
7684722
5556565
5797069
6961486
4706906
1732255
4219134
3388922
1577184
1115629
3824374
2454048
2384641
3439097
5697466
4627571
3772389
1132376
1185734
1233938
78919
2756255
2908920
2710703
3168283
319014
4338217
1779817
1687017
9918045
360487
142944
2915751
799978
1187286
7588860
1409093
2952874
4480105
1678313
8418463
2715799
2895710
3292581
9553329
4113156
1630834
5933428
2549538
4721586
2184671
2904858
6716349
2549303
1585151
1152603
3225882
2394343
1190388
8159813
112082
2674372
3946906
3724327
3275569
6892886
9348047
5195025
1679197
2291774
3689843
196943
3979249
4449627
296703
731348
4147045
1914757
6225877
1218733
264311
1192736
8873324
7533927
4586414
1876942
8610121
1764561
2311286
2216912
598020
2848817
8337797
414585
4578194
5437872
9675633
4963470
1269070
1761527
8878017
1890225
1139487
2178258
698205
6177070
1547203
3241736
311226
8221040
779005
1125434
624303
8377747
1662997
2328693
2925797
1421039
4430825
1941038
2519684
4901611
1196151
7276899
1794037
1179208
2937231
872777
2493373
1762044
5833656
2586758
1247133
3354122
1129013
176295
4767143
4821835
9324705
9400459
2819509
4662012
1189612
9406786
6220595
5699727
1854823
1224807
7901315
5206997
1189221
213188
1144801
6538738
1842108
2706922
1651366
1856064
8685503
763187
1583007
2102254
1706038
475215
7921827
4730609
4367733
1458338
1927259
2618586
2136518
1792477
4680425
4104276
3113568
4483640
3142088
318779
3467357
1295346
2384644
3442306
3769794
7593033
1909043
1617096
1431262
4484257
1286379
4900524
3121248
3527975
4436192
1547224
9260156
1280663
8969626
181650
2912865
4859351
7800159
1966246
9511012
3808227
1174735
2367418
5689338
2799004
2116562
1878694
1101934
7860032
3440515
1856252
3211558
1102551
1234101
9298071
2376321
4745740
7319073
9868123
5877687
1515059
3758594
9577815
6939683
278169
3252800
1745800
3855867
572704
5709408
1562601
288127
2124185
5845337
2501718
1429626
2586021
877743
1220397
2248026
1698736
6237726
5595001
5715082
3457199
1450088
1230822
3362940
5223438
5520057
5864838
2332341
6945736
1170759
233294
3149473
1225993
4219323
6597548
1943011
3287291
6914628
1953848
1155116
4914044
3537152
3868202
481607
5200957
8864145
2100370
1837995
4748412
3963268
1576345
9517787
2280976
2438515
8520628
1288074
417678
1759007
110300
5704547
4464327
8554355
1146082
471271
4692020
7150149
1560650
8526777
197059
6800855
4877516
1271912
5505890
1831584
2585366
1873012
4858721
1429379
4339103
1520717
1888140
5514373
3336512
5232284
1246707
1929988
3879382
6306341
3726692
2235929
6222050
2968331
2300621
3585667
1170440
1275669
7738582
1939057
9514464
4709742
1418366
3419543
1456017
2467175
1676478
2321053
2184953
1420048
2898930
3184425
4637461
731631
1794948
1162785
2585640
7694962
2389668
1290649
6775560
9283152
7259842
6718927
8357637
2159862
8352692
4627225
1775843
1829945
1499713
869703
7221638
5804310
927542
7840802
1628305
4834398
4481850
3225571
4797635
2651252
28791
9519848
2938989
1716129
4440416
2540830
3140632
1189625
3276987
2285665
4840819
1373394
1543599
564721
1596325
43371
1230645
1893975
1964968
1732313
2139614
1643432
4435607
9310666
1952373
6251623
4612391
8120130
4259332
4524898
3630963
2685203
269697
8122596
7116397
1859131
23014
1351278
8963795
2822734
3534008
620097
5599273
3576593
3601242
3243586
7504459
6982884
36187
978495
3836864
5737876
440226
6522994
3391247
1758835
7810288
4205434
4250374
3765605
2631400
5885523
1475753
2325390
1817340
216254
1667646
2263460
1627334
3842395
7816110
8841111
5520472
2106086
8107489
1588711
1159454
6110266
4621254
1981692
1508698
1756340
78832
2621281
7702150
3763411
2507290
1801822
1511316
1636561
352753
2783517
9385422
1775695
3676164
1935112
1146312
2465333
8398501
285311
6571353
9654179
2686160
4882586
2869749
2351805
172459
1954942
1575154
1303140
7860539
3846500
2477570
9618849
2721248
2598199
1386636
1173873
7805935
5278817
2771089
9978849
2808045
3510786
9543824
7308215
5832921
4193628
3658620
3721564
12417
3572239
1450887
525806
6366866
4628477
2536266
1834296
9500091
1313192
1798707
4513960
6458488
7742119
3214949
6552676
2396889
3946178
3465817
894478
8623738
5627088
1991910
8986193
111006
2607744
1607149
6719298
1411732
3444576
4255050
1517058
2343736
9271116
1588882
1125698
4575302
1913795
7173759
1888219
9963402
4616803
3640039
1307277
5759088
1519068
3986939
1708536
2424782
5843142
7138994
9169351
4144170
5141750
9171220
1290520
1856822
1880406
1560306
327939
5598760
5222025
2363093
3132647
1229379
5908083
7526864
1925253
9414871
1642142
2258532
1760312
4888154
6554858
6802272
3722269
7666871
5984245
2160510
1736143
25736
4663212
5613908
5904531
4634705
6611377
3341478
7794476
4244430
2873579
1951109
9468450
3415010
2675276
6130102
1115310
2728804
2642650
2533441
7192941
4167491
2586817
6593930
1830231
4174665
5951029
3757049
2168601
1284438
3411822
1486633
7391394
1392772
2661455
433729
4913545
7208453
2721796
4493629
4310006
2328893
6703445
4536321
1682287
2792652
5340911
8293182
1536888
2638056
1579859
3642025
1373484
2929562
691522
2170628
5343713
8178207
1282919
1741059
1569664
278067
1106113
1818484
3896985
7270964
2212358
886670
1512711
4326940
7767412
3439835
1203292
6783439
5528707
9454659
3566136
2445828
6301216
1926510
1615880
1485272
4890972
8879907
2825917
270796
3586691
1609500
1103740
4423808
5316685
1424699
3699857
2978396
8837633
780580
5798128
8622168
2652875
4777484
1835103
2709427
9107505
4151689
424775
7400219
1980618
5503676
2469256
2835753
9630362
1265640
249551
1299433
4250813
9631692
1398140
1754853
3376144
1883877
6891730
2678629
1223792
7206833
7901582
1300916
3568242
3994708
4331012
2869964
317771
3753762
3613669
1170537
8737303
9645829
5126403
1837869
9373289
9562699
2172613
340717
1336794
5359698
1268699
3577710
1315788
7376111
1947482
3982860
2104850
327537
2356483
2293199
821045
2182382
1747568
1823299
7665451
3111603
1369105
2311871
277995
2708661
3920633
8826953
2939177
1749099
1980038
2488758
3327110
1817294
1473409
4201606
8644026
9753803
2342712
3970646
1402398
5852133
6263448
3744138
3789283
2493948
1755699
2415036
5799134
3367713
7591
1103666
750774
2771865
6493199
4649453
2152856
1768137
2111540
3954564
5800140
5271074
2223581
3935699
1580457
9809796
7686771
3232159
2564213
6447919
281258
1896464
1278768
3919488
3389727
1861767
4424538
3621383
1873477
7378152
5509002
1235408
1469731
4753821
4252518
3653817
1353117
8905572
1479947
36516
1381107
5675373
1734009
4899676
7892998
3184542
2736744
2284441
1736319
3482127
1560878
4866549
2696793
8737063
4470596
3808798
2625674
1478595
5855498
7689203
732280
3961342
6927215
4279192
1727312
2311584
1395555
3880541
4472750
416331
3869767
2113760
5329945
2848932
1694351
7363149
3107931
7229368
1399647
2896389
1228107
5877662
9889359
2236485
6266959
1671187
351003
2399450
2341333
4119589
1451335
187672
1575018
581318
3998936
1681114
4895354
428244
2179414
1991091
4203418
621869
1501082
3370147
1159025
1314989
6682115
2974098
4419131
1718028
4459487
1113338
3587595
6945897
2796094
1329104
2373682
5423487
1485539
4785680
1199731
3121733
3921505
3342399
3210312
3410420
1953889
5822418
7987392
9537467
2631288
6226897
3819702
1872155
4969674
637142
4374018
2704868
1391083
953172
1789444
2878255
1378434
9245090
3782951
1896651
6491888
8862731
2209466
9369744
4912568
1944937
6876523
1138209
2773871
2869245
2213390
8314600
6632265
1527036
1243224
5176402
1837117
995974
1147460
4640970
1941511
4247029
3920829
6340889
3389585
1263516
4393472
8582333
3460176
4189594
1669063
7477267
2684021
1584036
2232533
8418082
7929096
1897221
2340651
1347835
1743990
6624089
8420644
2543032
5429800
8176813
1630409
1212463
492228
1966912
2371044
7505146
2477908
8943755
2801496
4672110
1979305
4358049
5486365
7397441
5608634
3224194
1631765
1415289
2694534
9661907
169619
9362767
1422138
8967521
4327524
4280449
6221875
7320314
1317905
5487058
4211410
6886675
1577969
5492825
135119
3803042
5106855
7185332
3794506
4822332
66593
2397090
1572239
2190426
6656219
1671681
1518540
3536936
3382617
3555959
1663138
3185993
5620474
9679041
1404295
5563602
4717836
1847193
1614403
5959953
2123069
140890
2539579
8193348
2175981
2354382
7947928
3698165
7659458
2963972
4181986
5364389
1805400
9971101
6477909
2237158
6859659
1736873
8785677
6594738
3655758
680410
2842484
1768701
5729017
9455200
9293448
1412190
2466005
1543119
2577469
3290806
3463145
1589066
546877
4774797
4493295
4294422
1691297
8753794
3308453
1618490
1985562
3116275
9742628
2899947
2709606
4946786
9148365
228430
1752021
8754102
1270779
8150397
2886309
2978484
8480659
6812744
4682984
1276687
2798009
2872387
538195
2482372
1155922
6154847
8425295
1769701
5939498
1891156
1315618
3108373
8515680
1883927
1991861
2390604
4275776
1211284
1273885
3960560
5446292
8523956
3973722
2231140
284232
1414981
7771710
6427416
2545489
2463855
860883
1300591
5824663
1199148
1446767
1252421
4523969
225344
9879436
7182477
1185698
2214927
1367443
7513196
2661401
159771
5676725
2843305
3362728
2756756
2294853
1994594
5188486
4590411
1357964
3435079
1586866
1332151
4382350
4719620
1245061
9964998
4810608
8694882
3321618
1349815
1936904
9601423
3825970
146235
1829972
2205148
3782780
1500971
4368373
6296403
1866260
7354088
5182072
5183895
3606110
5776779
6608155
1339155
1369054
2112224
1549618
479858
9917918
1137247
1356304
7713323
6706007
6764988
3254390
2930054
4190951
2978448
7287638
8323604
1155573
3683648
9932526
4561007
1736436
1747130
2615376
1846313
4691466
5579582
1249215
8797904
7673739
1226638
2204725
6688066
6472697
1633061
1721542
1316832
1972592
4384521
567899
6555634
5439757
8963012
9843582
228995
2837097
8207632
2279991
4431806
2764148
9950279
1585139
246434
1171689
6920896
1252700
1643331
1348551
5725639
1394773
5865939
1371750
3349534
1504322
2692245
1535344
1686013
1996919
1831314
1119516
7486502
2962039
6890860
132721
1828319
166623
3810691
5466969
6876489
1281888
1329267
2721297
6229617
1231124
2962702
7510884
4876335
4263863
5147291
1903640
2871977
7123653
5830657
2240120
2891601
4397270
4261145
1612698
7454283
2442528
4916646
2160752
1554622
2317394
9205396
2636600
120858
25385
2733950
4763260
2608211
8101712
6612720
1765009
1654949
7779717
2831234
4174403
3178059
4489264
2457262
1535995
660991
2145728
8733899
1895164
2650444
1470720
5872804
1979296
2598227
130706
8482058
4451654
2257607
1688305
2965916
3643784
1284328
2420203
5785633
7309512
5746793
318579
1891904
2607201
449092
2189624
7633464
3769883
1400120
549669
7402733
4615403
6875128
189458
998324
6793255
2325311
1225670
2689109
3133969
3988052
2167603
1634757
9690048
2624011
2325168
386173
2530944
3286401
689006
3178965
3567820
6825715
2977147
6659890
2850470
1411333
3904518
2256983
2311275
3822284
6249541
91017
4613888
2761787
4153091
1702680
1655067
2485691
1840953
1699382
2929626
173161
1686051
3461505
2605397
6800147
2171487
4673362
831878
2467543
416872
4772350
4554936
3876175
1292772
2804175
8524214
7342586
8117173
1498309
2255416
2352317
5942572
6551745
6667406
1306914
6543176
5649094
3245929
170864
3250969
855063
7747823
5403487
8666043
2540356
2487656
4533616
1181086
2607609
3950724
6336639
6721459
5691537
2358886
1852442
453149
8662614
1312659
8150194
1437836
1951196
2546687
4404629
134966
3241226
3511993
7516161
2322920
7588662
7117788
8338689
5109154
4689945
1916183
1778271
285019
786549
2900150
13069
2536466
5186537
1506763
8314065
2920189
5154003
9573813
2803057
1646136
7528822
2785437
2885097
124264
1302280
4884518
3672517
870158
3323576
2446603
4130027
6369675
3697034
1369449
1226007
9632877
5138763
224874
1150986
5553549
4585710
3879852
7407638
5327445
9528105
1491945
7976871
3878391
8362612
1413331
4670837
3244128
1513530
7862910
9926145
2522271
2542768
4477676
4828278
2863720
3449209
8347704
5239058
4457983
3838626
5823215
6867858
262586
1340015
9753522
2346342
9183030
1276134
1620169
7813244
8467477
3236578
2402242
2712736
3999629
161442
7243507
9640207
1720452
2635755
6704699
9573345
8463642
1436111
4410223
5605868
3403146
2670811
1347267
1707490
4604404
6139928
743969
7920201
1519300
613329
295278
1135014
2154135
9161650
6924609
8690674
5604879
1150445
8309849
8393761
5940663
2474414
9843243
4738692
6948865
3916802
2391680
7328341
3743738
1425651
8346604
2257834
296985
3322001
1876364
3619939
1838658
4314165
1722171
9937065
1523115
8685237
2517225
8774425
1925046
7745404
2734291
2884416
3966956
1212302
7952450
1965225
3825768
1617712
2786477
8825785
3592663
5572127
344803
4782203
3266182
1855838
2704721
1804635
1872348
2238102
879621
3748122
7148833
2599243
8457795
872509
3886889
9182128
2667876
8932509
643378
5501617
2192539
1240055
2572879
1396543
3456759
1110831
3993682
5516411
9896307
1786510
7937765
1878977
6107410
4590449
1569653
1797149
2419110
1363384
2645986
2445563
4482597
5509452
113959
1713842
6840493
5586446
1954688
199527
8898686
3851696
182960
2448171
814213
5715083
6203077
1144171
2590390
1341751
530354
354491
2233270
1798904
4777349
2163450
3850577
1111100
1181311
8154579
5665960
2649994
893258
1692788
1627150
2434256
2618850
4546835
1500409
151435
885026
1688731
1720942
1308624
4607342
3828673
1536846
3773134
7474505
1883417
6420387
9497859
2989521
4499212
3618394
2792443
4220692
2610547
1576548
1207929
3425271
6488189
4223311
6390032
3174943
1914428
8698478
1794197
2647274
7582481
1691809
3778
2690064
2578686
5170052
3545259
478401
7687860
1919116
2438350
4603070
1875157
3299773
8201126
1800358
2720075
3970380
4459329
3562668
1308420
5846964
8297289
319343
5431227
6702711
1799126
9860127
5652656
9880699
4556920
1356293
3500788
3888782
2316138
6807552
1117520
35365
1451281
1639972
1448272
8102856
1893496
1648766
4855342
4464316
1942961
4601212
2729978
3544956
3559099
4591084
1429608
1773057
5229141
1880281
639838
634191
5350989
3447356
7157901
5378104
1918996
3416198
7523561
119924
2682472
1169067
3362111
1515833
1131807
9169671
8652991
2203643
2894462
3703516
2178264
1632077
4227572
1139060
1682087
9841890
2973004
4854339
9864244
3289555
1235430
1212924
1148814
3196270
1784700
125470
2132083
259647
4359871
2122690
1413891
2996397
4124866
2327250
9839727
6458953
13102
2139197
3609044
1197621
6731030
4652394
8583481
9484819
157569
6397915
193505
2589232
1622428
8775425
2429629
8595388
4560407
5177229
2290766
4105324
4196012
1538919
2182001
9624341
1902097
2118182
5530626
6310984
1261584
2529816
3135595
1405698
7140000
2811223
7200891
2995520
1946683
1287675
4429345
4611040
3596662
3402181
596823
2455109
2718226
5881988
4629458
6569008
2425413
3217344
4773980
1277137
2707531
2303750
1654460
5375176
3205576
439493
1317786
1918479
6811758
1761684
2218954
423680
5781986
1562620
176165
7103642
1810633
2148162
2671951
1691932
1683375
311965
4285265
6369431
1134815
9859777
1248200
2947955
9474761
6180072
2651432
6302000
4643682
1195671
1178863
6440888
4657793
4775507
8923688
394810
2955913
3894751
24531
2165906
370310
5548134
5256760
5749948
9481945
7541954
6597846
1150725
5349815
2501112
859708
1963199
7867535
1825884
4153023
3926218
1541874
8749654
13937
1286151
2596610
1224346
8520686
3426764
1975749
2297123
1620926
198837
1782514
584547
1231241
434622
7490579
4224476
1535683
4869450
5821706
9571785
3389194
2290516
9114684
1382560
9313987
2766280
2348307
3492873
3748619
1701056
4360530
8562207
6868293
867730
1378288
1397758
7273084
7204916
3842675
57557
2545176
2520671
5368562
6966730
7202610
6555301
2489715
4558649
1229971
7462666
1655623
8661465
1141325
9692440
3214734
4113515
3376899
6202833
2308086
1131981
5612003
3544490
2230466
7367424
3803810
4896000
285113
1751789
5114601
4179131
9586726
1380005
2446644
1656254
3886287
9766562
1358255
4194076
5638231
1123915
1566404
2888376
6375447
2983645
1559949
166495
3335267
5100611
2651612
2458232
2588252
5975349
1715008
4737237
117345
5687935
1674932
3442150
4963817
1640592
1583740
5312766
5565663
3788363
8293692
1265786
5827947
4750448
8176536
3872101
1899697
2183867
3129548
1130705
8194609
115034
5641761
3704396
4183839
3804429
1733609
1607111
4873128
2405882
9197114
3835928
5718214
1689388
1907480
3429149
3402154
1760376
1583903
223960
2925143
5593411
2293230
7367774
2792974
144405
699561
2230890
6411561
2686532
7588183
1236525
8691032
1815363
550066
2865444
6547434
1724380
3996648
1691067
1101879
4734285
7330226
6258668
1995723
2963683
1105554
1619040
6701360
8146604
4488176
7191362
3874112
7123420
18572
8374567
7208671
1721461
1351428
5251666
4581897
3965391
3934741
8162371
1998970
2549503
6209568
9682016
3685197
5582132
7336674
1338016
1987527
2658796
3410943
9795511
1707285
1594482
8907169
7414068
477448
175511
1810308
1886916
1393236
1284612
1310383
1181754
8411577
2760498
6128721
6528116
7381310
1946276
1653075
2116900
1839768
9268651
8380033
2726367
5436025
7211867
2461463
2936022
1582219
5165776
1842133
1921716
6249916
5822992
7441734
2573119
6918644
1767753
321357
4565928
1402577
5391282
1211280
3946592
3445369
1490403
5118874
9115969
4464527
1359402
1925846
1611760
9586005
3369774
9135666
9604907
1840123
3363676
5473766
1514219
3244458
3959824
9449713
6765919
2580991
1944933
1630056
1765392
2517775
2229877
192098
2169838
2793180
4884545
1208569
1604601
2905597
879459
5217031
4544126
7313360
1365409
7963328
6502500
9202906
7499781
9955593
8595605
2949880
8108122
5153129
8825038
2258612
2808922
855036
2555334
2548869
1798986
4968488
466477
4988891
7798091
8442111
5808122
1603361
1465779
3208298
3293731
3256570
7838615
631062
1560553
3798435
4671584
1493295
6946765
5991873
1192440
6610879
2481720
7830375
3125588
324951
2801326
1146848
3655728
8251234
2403970
2187189
178829
4645332
2337474
1637977
1534729
3458511
9309839
7650827
4730953
1729695
4191662
7637900
3932188
1748490
274132
2708322
1826978
4749995
2848813
1141582
3638668
3253622
1627085
7324485
9102386
2429701
1389430
693404
9447036
6783442
182235
3535215
9250155
5364416
1984559
9508447
1460356
1965673
1258163
3716262
9580010
1728272
5609981
4328763
4858006
1988968
1544599
131844
2495217
4834133
6839989
1385108
1121163
1921128
2608819
4871369
1291096
330035
1833881
6468308
1627405
286254
2128800
6360545
8734506
7678657
2167886
1443387
1672572
1740412
3782898
7669054
2497105
6586794
6184045
3108277
6760165
9104380
4162969
377482
16997
192858
3264045
1955685
387530
1811322
1424066
1218182
3545032
2905100
3210575
5704942
184121
920991
2787908
451743
7762176
5785426
2195519
2472370
4534928
1111080
3660652
429132
2769186
2157481
6767175
2580300
1998247
4342952
1335318
417380
9326061
7196049
1894695
7656962
8416236
5980534
1589546
1388089
659357
9632974
162069
5516950
4578956
2987323
2980232
1500107
3568147
1608138
273238
8771468
5861675
1331629
3514025
3736183
281863
2981933
182733
7486661
2987369
3328186
4831726
1609334
3816334
414727
2209087
2936785
1580364
1740051
8571377
3329199
180075
6403764
8216768
1208766
1857524
8891471
4961129
29516
9205177
2249182
2987427
7709916
8460134
2266799
3873906
1261992
1250475
1521776
1998388
1343516
4553616
381413
2992215
6532660
5930428
3476187
7559340
1942128
1851698
5147268
5101965
3319704
6595335
4446677
4964133
4969146
1196474
4355236
8817838
6811943
3393802
1654955
7425164
1523787
1134073
1385734
2258049
2725948
2367374
6108055
555567
7936916
5775584
4167300
2723126
1148194
1326663
1508740
3220622
1818969
5814982
3290563
4953739
2489394
6346426
4558097
3478585
4320866
3625543
883675
6147657
5568574
1840077
8533045
4133426
6817260
4591597
5842988
4122353
7543120
1447353
7545967
438230
677700
1343543
4765621
8532824
6333282
4117335
1136723
3397031
7538717
1550355
933264
5548410
1196576
597223
6988331
1519775
1854092
1186749
1362609
2407208
6746858
2245442
1230223
1881312
1684249
1550795
1674387
5946204
2528859
2227922
2453897
398084
1866993
2682489
532115
7326507
1969051
8270435
8660307
379252
4378429
286944
4876258
1394156
878705
5653804
2890745
442381
152939
2683616
6120732
6228483
3761857
3167542
9173935
3654088
275955
4623737
2539699
2272909
1977460
4148236
1745019
9450792
2809281
3549613
9397644
4312161
1754565
4245763
8697686
7430533
4591403
5613921
3477087
5629148
2940255
822741
1776980
2727674
8285455
166839
2547429
2239600
5675454
2268198
8904266
3163554
7724439
2161663
1939261
434909
3579668
1772823
9820463
2334974
1111796
1366093
2427678
3878492
3326795
9712954
4138467
6639335
8623745
1900070
2775217
9692401
413500
176303
3352542
2829798
4368855
2426301
2576238
2329926
5748233
2538462
9991314
8878813
5537885
7780527
3308682
3456922
8305552
1459123
9682223
3792469
3268222
5508760
1450414
7741550
3913507
8697550
1920491
2561419
1416401
7237063
4630567
9125408
1312366
1549577
1994998
5269320
7432515
1707051
1431470
6315506
3418651
4543390
1712439
3299576
9527899
9808686
2901632
4639627
3604956
1668161
8764219
324561
8944961
1497306
1418679
8994691
1787004
5146513
1743356
2183789
8328969
9261080
7525903
468238
1779562
4530768
7746505
5992533
1653986
429466
8892983
2883576
5131039
1217526
3184231
4601853
1246613
6294230
1233530
2817494
1985262
2104468
1362554
5495779
1675889
1359100
842739
153210
1317046
5598305
2455985
1862946
1657178
290555
998696
3167315
8101989
930836
2935619
5546392
1825316
4940600
1471398
1661963
193671
2252848
3642893
6943374
371971
2399773
7263672
484194
6416241
4913257
1887300
1492320
1869007
298167
3873350
6315084
1117500
1671149
151641
6395121
1417323
3108052
9451805
8976419
3434811
2572672
9165851
1421312
5469207
8325646
2631640
8598549
9629830
1828116
1474049
1638899
2419981
2589289
6832241
2757652
2335051
1862501
344071
5359211
3960958
6714515
6195847
1154117
3751001
1162560
2189707
2131998
1662427
9973806
6490433
1466324
4783108
1398412
4442226
4737364
1679679
2770075
1851016
5770783
6383751
3118012
1321588
1697386
477104
1769276
1349149
1559879
5212618
1975181
3615586
7982594
3888365
8629875
1171306
5679377
6478671
2683487
2295074
8397129
878625
131723
1867937
4871600
3401448
5655822
288092
2122201
5477996
1785359
7376859
6444769
429381
1623063
5159957
92534
113524
1233282
1107632
4380776
5880489
1301472
1687433
3254027
3642133
4893984
2184867
2539372
6269507
6768792
174241
4164951
1612589
1922502
1150357
4891299
6565812
8448488
3350895
3134251
5611783
4150421
3497847
1607139
5734593
5264562
3939090
1421857
9935971
7964730
6874074
1800481
2250841
1189279
2965647
2315073
1485511
2715754
6421438
1757882
5904403
6857449
1157224
5626003
166105
1830711
5926172
5623957
3529017
5456352
6206731
188111
4524659
1291398
5112099
5709520
4829060
2540673
4574645
3149318
183573
9648962
9916856
1598855
7532086
4983029
2604187
2798364
1402254
8246347
1344734
5467753
189806
893183
7369725
8565530
5813625
2132489
2495892
1251584
116020
9945031
878306
2745943
9242927
3916547
775998
2240449
4163210
3656070
3709783
9956305
5362304
9697545
1147076
6299296
1233014
1352716
2442101
1563091
1889949
7930425
4501733
3991943
128031
1573362
2190778
4510263
9805973
451476
2775942
5279460
183123
1406368
1683247
142529
1724588
1428831
1238639
1359784
7274841
1288773
2887813
5764318
85462
2809592
1971231
7963545
1413654
1524402
132692
2395023
4788118
9601709
1368931
3956114
1633933
3992960
1624005
171463
3908797
6274508
2672949
1298457
4356861
1731087
8590110
1775229
2724018
7773322
6534090
158042
1602955
133182
6714502
5688635
2971845
6801274
247031
3217301
210967
1637805
1663478
3356838
9742053
2937487
940749
9733094
233599
1477320
4448340
990741
5410130
3416083
1688908
5827112
3766746
124491
1801058
7537526
2793826
1460314
2872677
4617976
7920290
116705
167389
6773437
5630074
5747429
1434770
4274070
454884
9955564
9801470
6789745
7326378
2546436
1709245
3477762
1915189
6483294
1115276
2587873
1725728
3799696
1500383
2331448
3371562
2709603
4531307
5720423
2121403
6418897
1666265
1345277
5448442
270845
1765201
5692441
164649
8849257
3438264
1604929
1141806
2266356
1609327
1591236
640613
1454456
184140
2877860
150400
1284952
2517313
2208637
4868369
1222336
3901259
4586271
3788192
2687708
278047
1227498
2863555
2782015
113773
4977014
1801556
2108394
1828707
1250377
2372580
5298500
720558
3806214
8759199
2434231
1991832
8365991
2463514
6150206
5536267
3498092
170033
1860313
6730906
4283767
1970998
5694343
1796490
1926126
2294874
1570376
5783971
2830507
3459746
1196280
1569413
2132912
1918584
3486793
1880258
5338225
781641
4492485
1191168
5496941
124559
2354019
4332811
1535380
3355768
178788
2870362
1482140
7887525
4943554
2538609
7982120
9872038
37031
3854191
2286230
179342
2387177
3617393
2510427
2712495
9732802
1914846
3967521
1548726
2123868
1663119
6287816
2271849
5376632
1768514
9725693
2947150
9759294
6749282
4709769
9300871
8421760
344150
2568818
7635710
3958112
7453946
227372
2635406
2363298
2465212
315464
2876707
2604530
8258263
1329276
7153561
1344374
4995870
2346035
2604627
6698414
4146262
2707987
884195
1970704
1108717
1302712
1598194
4294299
1617752
1750535
6619103
667668
1852731
1273142
1989281
3782421
2940434
2589617
5958226
2144191
890821
2368181
6994036
3395008
1586015
2399640
3678372
1805482
3387632
4232069
5450828
1461047
2152770
1746809
1817726
3244223
1917427
2854949
2229453
4931843
1474311
5821922
1418305
294347
2648449
1352060
4924672
4720385
2175003
2699858
8683650
4933834
6723481
4319301
2934609
2585557
2982897
4825451
2679624
3290730
6182893
5778798
1937911
4321357
5159200
9106754
7819661
3569099
17249
2678355
2507028
1578182
1173449
2473813
4229532
1546215
3739691
8614149
3965180
3778321
2799587
4194014
6887590
1732914
4912326
1842916
6613318
1920007
1238005
8486910
17088
6786114
5833607
3627544
1372948
1960050
8440928
1803212
1219101
48504
1983781
1264630
3159336
3761378
6504759
4280776
5504900
2595739
1497139
3295955
2229291
2817189
2828931
3573527
2595765
5511532
6194911
9662969
1267912
3540836
5925058
7254481
1987330
3189133
6979312
1201543
2177998
8339008
2724101
3167928
1709766
1800662
2125880
187542
1461074
4356053
1386230
119578
1859233
1902281
2314050
8250024
8947406
1161259
1198139
136678
4731820
2972603
1571591
1552801
3402975
3263253
1538987
6158542
1242056
1494981
3984605
9711945
1427722
4592537
2764123
3401602
1496042
8863228
1333353
9139499
3698721
9906956
3781179
2685764
2436136
6703143
2993788
358388
3129357
2283276
7458752
2267916
4459907
1221386
2960125
9159993
3447812
2561240
8155153
6236750
1259099
3638154
4486638
1114459
7222625
2851396
3505152
1571545
5390820
9959577
1495479
2608900
2898827
2729051
2927282
5672730
8229967
3953456
2668320
4197609
367397
1450325
871925
629635
1173220
1181563
9685511
2103225
1274709
1326795
8950071
463475
1991995
5778318
7506452
8600553
1602569
1488787
6845103
8500304
2934503
2758650
8508122
6425496
6544184
563690
1712767
9808689
3965077
3691340
1181217
9485594
8986833
5610327
2516731
2489284
8389825
3628072
9426481
388714
4845447
4389111
8433455
9488190
4352381
5299932
3989822
6332847
2976630
8485806
2293740
9946575
6611767
3890949
2462218
5568894
1424657
5380571
3517517
4771791
9859829
1888418
1772336
1385723
1306562
9846102
2240192
1111583
2574845
4864838
1811337
1893634
1511538
1337544
1855909
497952
1611000
173207
1578986
4585656
4329934
4345193
5972759
7593637
1647522
7796733
7454770
1479943
1970114
1168366
123770
5313336
434057
2126458
3845462
2413012
2907846
2370656
6851422
5493856
933007
8958922
1790275
844631
1984042
4520347
6390997
5787179
4151958
1164783
1781620
4277006
1355469
1965721
6900978
1309958
2201477
1250474
2311019
4651370
6334037
4332366
3234838
1431577
3469754
879678
3706548
884837
3607601
9385737
5841166
5551126
1717798
1147289
2342682
1259102
1908041
4847437
1516123
1730502
1242717
1916673
694969
1531232
855064
9444596
7675398
8851820
2170379
1699214
3701855
3800595
4364863
3643812
1390671
6947982
2196657
5676876
9652191
4862527
3459235
1914520
2574421
7853404
1907417
1871940
5904685
3510239
2508522
4697091
2331502
1375013
3609702
6940722
5449796
61459
9625185
1995092
7363183
5468249
1751666
1866604
2678683
731810
1119262
1748936
1526745
9523155
3453654
2747306
4811423
1446659
3316517
1518429
1209246
4567638
9322426
16725
4886962
3575580
2676986
1463114
2963125
1519264
1627710
1501692
3485547
5473213
3681306
5603315
4265791
6866649
3733623
1448599
3321700
1147316
9777210
620889
3330621
5602746
2462857
1755423
2820949
7576816
364220
4383532
3407532
1455239
1975748
3699420
2717601
2647067
6965059
4331628
499214
3587778
3470767
9430195
527811
8739476
1154331
4253943
3568201
1963480
3581567
2991278
556104
2366174
2600009
2891914
235785
7153224
1129902
361517
1114654
3773847
1692258
1810431
1102363
2225175
1145457
1784440
6914020
3514697
2850226
279390
3402000
1730317
1706688
1251733
1529452
8726734
7519895
5122558
5132796
1691249
2761495
1857109
4684683
190960
1639784
1240785
1905163
426402
4436076
2972219
4246155
8258791
2473315
9613320
1380506
5203564
6664571
6692182
1879287
6466906
5379435
3401475
357984
4272038
1912526
7769686
4327812
2200332
1224408
1680583
3390045
5250887
1338761
1736130
6401406
5130237
1269226
2144476
2868355
8870919
1814585
7133881
2715469
1258816
3774793
2539279
2450338
4959774
913631
5514631
2481061
4797535
4254141
1507555
5591488
1311468
1392144
8663172
2323326
2151314
9533966
6224784
1120288
9837966
6587382
7913818
1388830
495420
1409912
1986784
6662934
8837476
1944585
1113796
3264459
5839229
4353555
1347037
6671077
2845609
6468787
7382089
1348807
2162289
4455618
540570
1496516
1383069
5192852
3467352
2200274
1257612
4229711
8454915
8592339
2932995
8492549
16746
2231263
8614725
471967
1755943
1487910
2615521
5782529
1757302
1833108
6410391
1760139
1858933
2538599
2795105
6822478
5168701
6944754
5516208
1722612
2632382
4896639
1518453
1644411
1869963
7883764
173249
1877143
732140
259168
2227201
3773535
1665153
1913134
6920234
1895123
2211219
3155851
5204318
5434938
6314935
1335356
5752567
527077
3896178
8954455
3449657
4793838
9680676
2739435
4746900
3112658
873328
3839460
3764971
2597429
188962
1731754
3970819
6450380
5238358
4459681
293214
3736448
1972360
9941769
9206353
2348804
3227373
5926371
6559826
4459939
8398108
3133360
4543889
5962020
1990297
1429285
6524279
4823276
1316024
8372283
5920551
1639755
4903952
3423524
8164297
5332218
3365795
1686050
1666046
1322625
2346237
1523216
238848
1202807
728302
4695422
1997492
6566472
1770455
5945310
1597248
6885041
1555606
1716663
1760622
3909685
4838537
5673983
1371576
3397442
1368725
1109322
8621137
2868783
1234655
7543853
7467026
4203413
2935579
7489979
1491924
1266120
168258
5101704
1503224
1507891
2354649
110423
3165147
1831685
2314198
331713
1179952
742514
8414521
9117385
4474950
9878152
7422602
2149553
8463993
9711768
2457016
3674580
5558530
3293425
2214392
7299306
5604498
3220693
1937708
3792822
196671
6412106
2502115
1542380
2971700
4969792
1429923
6529357
2227016
3297415
3533779
2974365
2520675
3722597
1491745
1607186
3140544
2958388
5595076
2970023
1815512
2790588
1671464
1819875
4613907
2862481
1580462
1972947
1331606
218593
224710
456412
3479268
219094
1708739
742526
1115867
3701776
7487400
4644907
1486076
1752865
6749588
7883433
8447389
4598921
2657029
2644445
6117411
1773253
2651860
1670650
1488382
2441306
1495098
1841377
3165924
4831589
1506497
2830700
4568021
3983104
2874227
8874825
1538694
238390
28718
5195302
473344
7436326
3371331
3458354
1663791
3507484
2893345
1838228
362526
4305802
2859354
2350985
4418633
1214261
6865516
5208424
3993272
2777613
2835588
4229895
6873443
1811919
7408100
1120902
4174090
3379327
3916068
7606711
1420424
2426625
2824932
6451513
1342775
1919639
8348551
3326849
7577198
1875280
6941916
5119906
1749175
2745470
1688717
8354288
2105172
1789484
2686546
1630291
2926754
2859964
1619411
95998
7509434
7807513
3373328
1149781
1267124
297021
5574898
1584472
2958834
174009
1843671
945452
4458036
8343892
2261660
436831
7734301
1404308
1171765
1723524
4662312
3729321
3799431
9120125
8586663
1588386
5967194
5718520
2273207
280667
1404699
5589658
1576262
1858092
3586461
1276596
1669901
2953210
2932195
8676119
1377603
3927990
4682536
1311115
1185786
2686844
3258099
1660195
4167450
2614382
1854764
7739231
2355020
4380572
4684751
127856
1340500
1692520
8986022
5434151
1526639
6239872
1852928
1255000
5815413
5790701
3473371
571802
6676466
5506612
3503266
1542293
2338880
1982443
5498693
4915122
5862681
2854617
1107919
5490249
1664667
2160797
2297436
1771782
1836460
3327820
3602522
1125821
3966804
1217624
3263497
5146825
1856980
2476038
3209921
1323364
1731428
1577005
7537518
4630025
4535150
3643180
1248624
1986678
1437630
8524432
720528
4142386
2242348
5202366
4111921
2115105
4254188
1502983
1944071
287799
7773024
3350449
1563414
196062
485292
1771531
2302849
2332556
2561164
413641
7612887
2827014
5115319
8655185
4934815
5776684
2411414
1865905
5274334
8496749
1335914
3445528
1845931
9804384
1499556
7898774
6598236
1832453
7118435
1357201
1558504
5191558
9412725
3178107
2702868
6207372
1924213
4114114
4723778
3690564
1876944
1751698
1337932
7300109
2816595
3363289
8523783
3832129
2564081
1155388
427245
1330499
75927
6293933
6774489
8244954
1752192
4334413
2389081
3661655
8192483
1704555
4787376
1540344
1316324
1388787
1250212
1478762
4923388
373822
3684011
4144376
134094
1653507
7152043
3884211
3149695
1970344
8856283
1209079
2359974
1498775
7637026
8763488
136069
4355749
2662133
6128992
1684313
9404634
8126534
4389972
5143087
7723963
8580583
9791125
7982823
1630174
2509219
3578026
3304500
3108597
9953886
3519292
155853
3104934
2140275
6387752
513064
1831721
4642333
2221249
1617676
6341553
2842500
4559843
1671890
1149985
8802196
3827811
2577564
4858360
3650406
4374551
1851775
2150137
2565532
1994619
5955928
3537612
195133
2806047
1856903
2700145
4333190
9630616
1876488
2473438
7794805
5263750
2432929
9672361
5746844
325454
8337904
5881716
7763458
5304428
1321180
1983784
5356039
1467295
3558985
3359659
1192549
262130
2524406
2105921
2184494
3822773
3746715
9332762
3796639
2718229
1644890
7343212
1358723
1435640
1692962
2768007
3950245
4567447
321553
1506518
7309269
1241898
6298066
1583385
713577
5902669
2852083
4493820
6977952
1815418
5542180
189127
3589214
5886001
1987601
7445201
6277394
141928
5940708
160460
1873171
6230914
2342016
1699431
1902574
1103161
2832714
7222774
361166
6345982
1477835
5206366
1421473
3710604
2911578
7598152
1221291
2852314
246968
1194346
5430816
8665452
470092
2980497
45127
2436613
2508457
6137518
7360409
449749
1569236
1974299
1883777
1794976
4833951
2463955
3933815
1977539
1275866
1860296
9984626
6439091
369067
192517
5686400
3199253
7780506
3550331
1306383
3983421
4240898
3513384
1733359
6759752
1690536
945719
165659
8514332
1731929
8324741
2817198
194903
4841335
8995477
1445411
3555644
1261458
1405294
442504
2717956
171749
2807386
7126400
3884502
1844696
2566246
1528081
1783553
1428077
6973259
1658541
4660452
4907001
1848991
4556355
3493145
4345690
5330992
1954235
169802
2284959
1853998
5393467
5957137
4966393
4122745
1652633
47485
939887
4324548
1500707
3828213
3855820
3586572
1621192
3544948
154722
118975
335690
7876458
7986474
3786766
8561670
1461973
8639276
1987235
1814382
1420405
2670527
5912740
1479283
8744042
9878634
3485583
2870064
5986981
184891
8738695
9977797
1663869
6949151
2719645
1165276
217986
8916853
1248012
8732407
9955424
5911298
1542761
3923366
6136452
3721157
1334916
3578289
5368172
1502888
1234551
386523
2340854
2823427
348609
6341161
7521851
9157999
1646705
1726595
4491002
1905851
1206903
3795734
3866557
2794408
4896031
7656863
6967823
2576882
4870898
4925032
5879751
2265895
5502046
3310170
1351089
1195669
3649543
3843543
2911790
7803432
1820374
2470310
4272222
84378
2552326
6150010
418920
1464581
8748352
1975064
1814368
120771
269385
175347
1252794
9621537
3502350
2957124
1550350
3548710
2479526
2720530
2371279
8842677
1906681
7459438
4586910
1751980
1532944
8948507
1791309
1489286
3111892
1220279
1496475
2345307
1246066
255912
7640557
6742039
5551095
3594345
1311043
4207227
243286
4782642
2555673
1503987
8704481
2423766
1618428
524919
1925586
7717632
357002
8583069
8395789
2932359
321989
1675060
1133565
835744
2159808
5302808
4135661
2228305
1666348
3791111
2227194
1786299
8832106
3535568
4919962
6243061
1173916
1594000
2977389
1366509
2606627
1227108
3579371
1289071
241773
11020
5440633
1924421
2958643
1677967
1778286
946121
1657714
6892595
1139446
1978403
1815977
3147193
4122397
1461748
1478044
859495
8526731
4861028
4569073
2532843
2818231
7535246
1535349
7965003
2764040
1452990
3752038
1465545
4973704
1356333
5212887
2970247
6663089
2785925
3947068
1764975
2124309
3821333
5132026
151908
1395498
1218102
1385518
1323807
2693966
4779175
375
4311689
4457245
1862568
5385612
1944273
2208381
9117608
2358612
1340212
2788798
4648225
8907402
1313708
4242250
918988
1734037
7145510
1791904
1900848
1144017
2570566
2156634
1499734
6193843
1149840
6718545
6709391
1254128
3820043
6358024
7907778
5755622
4144138
1389402
1171708
8470494
1190354
2270855
3806486
1720733
2708600
2848910
1362525
1572621
5982955
16226
7804878
5364771
1966999
9394517
3824403
4638898
5216677
2621114
1564954
3123675
6347902
1699506
1975174
493993
6519382
1741949
2352758
2959362
6218876
4970142
9339997
6154422
5236135
2224021
1602051
334362
2644115
8422893
2944548
1955230
1928871
8765947
219717
9117747
1337044
3731955
5708822
3648456
2756142
3354192
7896112
1733794
8421780
4656628
2748631
4744922
3782709
2676293
416935
3426859
7651257
1519040
1434013
1299938
3723437
2454790
1484286
7507209
3805079
8841989
3666483
155110
841812
5330678
5708640
1154804
2699766
1427889
2119064
1645780
431159
4306108
1891638
2243597
483597
5735797
2601873
1351330
1592655
3214019
4512082
1390322
1252111
1258694
1861528
2497607
1740450
6833105
3174281
3427378
3418735
2677346
2385038
4811029
4942407
1270594
3597079
3963906
3504645
8966114
7727896
3721892
3462640
1471824
2959579
6369100
3872687
3374938
1533613
2280348
2864069
6789785
7133422
574336
1279137
3478965
4944642
4698685
1366787
2769037
1471274
367252
287214
1588095
3956972
2398672
1616600
9576230
6660879
1422498
7618096
3526717
8294454
3492770
2637497
1667496
7252612
3106012
1979259
1683902
3736252
2707488
8546431
8900449
320029
1391881
6921078
8756182
4396372
1726297
1485561
9385994
1759353
7819976
9996546
1878564
6191389
145758
5900712
1294161
7190773
4625068
484387
1903556
130906
8176951
4588744
5689040
6839869
3598754
2620106
6648948
7484747
2160147
9563518
1938917
6481356
1660052
1484008
6311547
2781541
9914206
2389896
8152597
2939861
1759967
2250873
1917926
6302887
1791986
1583695
4665167
9502055
3742150
792965
9173934
6901716
7905267
2155973
237669
1280069
3749901
4335805
3337962
1355342
1420670
1244324
4440455
3605901
1620690
6149672
5527507
7861420
5605195
1716709
472868
2456265
4993973
3722500
1940072
6497146
8386610
1512841
1704028
8334527
7174626
5134642
5898051
5596470
346027
2446127
3684814
2382265
2375554
1162022
833847
9727694
638976
989669
3668891
280841
2924094
3127843
2190678
1398084
4862914
4168814
1410542
4621560
169706
1541444
1246047
1884676
1694010
4881474
1461976
2912446
4361429
8479090
1947310
4585062
1614132
1351812
9643089
4682117
499823
2653556
1803546
6162752
2305903
5694729
4341736
2321117
1169479
53506
1460974
2279618
1994081
1565291
89871
8210077
2360
1228259
1751413
6518278
6576228
390668
4519746
4614628
2568267
4182167
2927453
1669431
1199106
1345479
245804
4647163
6316998
120036
1620548
4780239
418128
5326288
5973715
9666733
2971639
6120283
1491810
2191548
1545181
2334277
2565996
4720509
150652
5876616
7494856
3171653
1919264
2412420
5928185
1741435
5944391
1997624
5286853
3295827
1396708
8880795
3758852
5817538
6833972
2582324
1735712
596827
397495
1910278
2603438
4957176
1986377
1664893
3790966
1676225
7372874
4529503
3667086
2561420
8694782
3693356
3151677
1452192
2473422
6792709
3730928
1360468
4526595
3966628
1904147
2869825
1422438
1454265
2301864
1381248
3531610
1998504
3799026
4259300
2496211
1391713
6450522
1592201
2212016
192232
1763906
9738963
1582921
9360986
5989132
937267
1412545
2952813
1188720
3303089
3799052
1228273
235706
1668556
3340389
8187760
2984273
2498163
560250
2178844
2239367
1524036
3952626
1459655
481299
9413372
9396276
110307
5967345
1100633
1980418
4948390
3225743
2802563
4315603
3770202
6819395
1357852
7764447
6385575
2675044
5733162
5617262
8879916
1936990
2102599
3754351
6237246
1763325
1764910
3800643
2630128
3286193
3525141
3326447
1126692
6620777
6572741
9205265
1751242
3781203
1840131
2958898
151914
2567918
2779162
1423550
4486349
6946754
2264018
1677671
1757994
1545893
4100522
5217988
9604101
2294504
1119835
5594667
127962
8571828
225891
5364078
3873205
4685177
1654475
2345788
315663
3666262
8408100
163996
2637102
4959
1915490
1623575
4506698
1185878
1680661
1486608
3386584
1413823
1131092
3218210
2674218
1501691
4676423
2504150
1237779
1289264
2940974
1956065
6626033
5559427
1719589
1954527
2694088
1515727
2763234
1203042
1206200
1318030
1514363
4242323
7383206
3668850
1836275
3445556
1775592
3521508
4702908
8845004
6739703
9281302
1110551
4567509
1103128
1975225
2830738
5132602
4348207
5515737
5495142
2790996
1505380
3209854
1555135
3887816
1117528
8209062
2104705
2687038
9872973
6405428
1781144
1484750
8218729
1349828
1153259
3526585
7671029
8263316
2330324
1583434
929408
1112380
8651553
1947947
1107916
1753367
1613768
6705082
4515460
1324926
2444942
6467993
1795325
4580227
1835991
1227554
2792614
4190388
182039
6999270
726167
1356265
1290207
5829695
3175159
6306349
17971
3772083
2615496
1378585
9105693
4242783
1806887
1664569
1958075
2395949
6157288
6639456
4464237
2169791
9506572
6599359
2872673
439970
1568988
1262676
3830595
3919454
1786063
3708401
8559387
2331772
1637231
8225619
3645993
1117875
1628985
2452773
1182188
7248095
2511217
6537262
1943858
1314188
1445849
4669358
296376
4425129
9328285
5870556
8737046
3474658
6413076
2127388
7475944
640698
1996096
1413508
2105701
2788735
1181361
4838982
1956449
5235454
4631284
6202027
1479807
1353650
5473834
6416102
8979013
4545642
9629257
1300547
3869438
1503743
6721265
1239302
1964544
3151756
6445757
1395385
2624304
2535177
4299977
1562210
1329803
2473565
7928468
1716256
1748147
3228334
1273416
1807822
1931071
4808462
3766057
2891747
1347453
2752660
1280525
7143910
5102573
1294892
1461456
1338639
498609
7891809
5640572
9644844
5988025
4612798
1527031
169846
1473532
1605061
5802448
4250933
5675589
1715563
1233973
6235764
2363425
4845626
1447860
1381637
9517983
2587620
549346
6436106
2900635
1733158
1655294
2794014
1531961
4812343
1969024
1282440
2653169
3615
1758266
788162
8983265
1630740
2818357
9310173
4322973
2666658
8603002
1998969
2822195
1752761
3203812
6262307
452355
1990791
2233693
6708007
285091
166065
6308880
9640302
1656837
3889508
3273652
2930593
2710714
2252513
3673554
555967
2870985
7645503
3632290
1582852
2266931
8755907
1384455
1868043
771699
2887357
5502426
5985580
5601117
4645399
5327239
7100125
3180462
9203173
3110296
2788234
1553320
1680956
5426031
7879420
3146633
448203
3238715
2623727
3708687
6721025
9684988
8474076
1113856
2719294
3748313
1789781
5223913
221885
113460
4306676
2412344
5186980
3826983
4839685
1507531
2684748
1954102
1763010
1476507
3331008
1706081
228589
6618102
6279702
1565772
6641030
2389414
4932781
8589213
5605244
3673700
2320562
3457335
6675204
2972755
7848829
3625673
4601949
4342621
4918441
2939293
2930079
1554511
8954915
9826334
5482840
3764233
1245216
6140978
4921147
5622386
2294175
7622096
3598104
1606498
6552959
7745857
1336250
8530750
293034
7808192
1429353
1889918
7219547
1457079
2676411
9409753
1457395
5934483
1276222
3351693
8839350
3769927
2867580
1167474
3783346
1282507
5795788
2888755
4832367
8809832
4895297
141164
4426415
1991120
3218120
3132511
3874540
1306786
4921908
5743100
8569055
4662854
1568235
1960110
1566861
1229131
1846124
1330732
235344
1607074
4637757
9647986
2946670
7856504
2883584
3401102
1126672
4530143
5858649
1822437
222215
1945053
1347230
2139218
1340814
5490883
9156013
8411731
2753057
2857998
1658908
1598818
1382153
438176
3804011
1592578
9333198
147807
4762317
9929879
1970647
4839824
2859543
1807953
3728210
1481497
9758039
3597581
1458258
2168403
9773163
1546462
8356968
7496870
1415240
2626233
7180657
4168418
2419735
1870853
3746527
123496
119336
5130892
14230
6861061
3158118
4251632
1194924
5900895
55436
2932192
1850217
1741088
9849233
7194559
1861757
9684085
2249778
9582719
1781255
277535
8417389
9703507
3886675
2714741
3526386
2744166
4666896
3537190
1610906
4633738
6306834
6365155
2915206
6972764
6917981
2152685
4968342
3395094
2167019
4208592
6420082
2797865
5876406
992252
4425755
1885235
2993616
4300108
1489072
1885768
5944265
1529136
7179704
6816314
3697493
8338828
174981
3581412
2778570
1894437
4700227
1692824
4849052
3327030
2371413
1541548
1354789
7226867
1256311
3774830
1982637
3313556
4949826
1726458
5323561
1659415
3228590
1978267
1616679
5353398
5551535
66010
1778974
4628512
453097
1489291
484134
9567745
3585526
2157746
1206212
2331006
1167254
3438267
1550179
2456962
3907579
3411906
1772342
9867341
8691075
222704
5708270
464160
1947973
970705
5684928
7192478
2276097
7424053
5477292
6886442
180458
1765276
3201363
1666842
1811017
1542283
3659426
8976685
1773149
1472109
2638839
1914439
6776313
2983534
7102364
1371764
4778114
1690932
9642235
5783855
3211765
1684913
7382870
1408373
4910313
5876840
957233
1891099
3683565
14579
1689042
1155998
4440484
4807319
7744193
1994934
1405004
3949163
5869615
3602000
3720337
5783171
5118380
191123
7152370
3216215
2850659
1110809
7851493
2855773
4155323
6589709
2988873
3109814
1795651
1709522
7238499
6362981
1747824
1744173
4227369
3467136
1755941
7168368
4772752
4707985
1998875
3243627
1439375
3995604
6644779
1446418
1320624
8839301
1314862
9129899
1778918
1496231
8907143
6676104
4862901
9590644
1246777
8859686
180116
1106611
1400969
2118210
3988409
748277
379832
3444910
2569211
6499758
2875800
1573855
1664777
368487
2783547
1150868
2317900
3358584
3617611
8553131
5724689
2861117
4225768
7507727
3455638
2570982
1684553
6585027
3734230
8563420
1779910
5637729
5701290
2798923
4365604
4356862
387038
4574207
8424331
1264945
1256646
8695000
3952298
3756192
3671981
1105703
3796229
1820022
460959
1248775
2308825
1212902
1716826
2978060
4743625
318654
3453613
8440033
5906846
2188790
1947080
1650059
9898686
8175690
9959922
1788206
2688478
1788701
5883998
6936046
7301658
8904334
2588739
4597807
2379587
2632638
4756608
181876
257453
2645011
827212
5285078
1512990
5169863
1842974
3974410
1997249
1726438
3892773
1423900
1116722
1827745
2434347
226427
1561065
6359999
9162439
1546769
7824662
1544109
175706
6555776
760448
1439884
1378508
3110016
5599167
1885144
198613
194829
1790654
8521752
1257992
3304767
3539491
5484257
1194364
2252953
3307003
1524049
8255016
4871992
8199373
5699428
2302722
5372915
1664253
2345013
6212908
8776082
6105012
3941992
3240645
2414455
114993
1800290
3933221
115350
2356496
1138908
1297112
2782531
168030
3600576
4515592
6628002
1979209
3638834
7196969
5670871
3973273
2477031
7575407
3373142
2126179
2238781
1975649
1546247
2500338
6815326
1385121
2991418
1610224
2790433
2836533
1313846
2651643
9653089
1625670
1903874
4714797
275223
7241534
485240
4200654
2249420
7924643
166024
1580016
1487559
1749867
1534650
4774586
1441309
4902590
1328595
2381688
1349413
3949206
2696888
8561157
9959233
169496
4435118
2397665
3218476
610647
6595782
1196079
6715711
485747
4152891
1168805
164105
6311661
8190006
3189605
1699876
1807373
2798898
2454587
2744614
1661603
5247248
5426825
1212564
1199350
1883736
2740439
8722615
1795464
4604214
8246699
7338195
8951693
1355798
3109944
9668455
1539720
1795352
3462545
1760375
4148520
4227232
1103759
8336209
2893381
5195824
1623456
1573357
2745089
2252962
1451346
3424587
4767825
5209073
9943730
5170036
3121786
1795858
2796296
5713130
2180410
129965
1217835
1970685
144251
1232799
3844376
1290309
1797344
164825
3168784
2953081
2536541
1679099
2132212
5585256
1944907
3291991
1587404
5897931
5643251
2606117
2187246
2872574
4351341
2568380
1822024
2545596
165304
289056
163311
3149484
1880647
1422327
2963165
3458087
5842740
1440527
1270905
4576243
1872258
4903478
1776068
8476497
3600702
1225444
2368544
4471735
2372740
1686203
9543705
4943887
2117004
1762212
1809245
1610326
1249794
1825783
322494
7182041
1961127
4121160
5557527
2613372
3900173
3419202
2285970
1972651
5552404
2318398
1570809
3491575
1669707
3162857
1868831
1385747
4370262
7322519
7168479
2713472
6276385
1204181
1179211
377649
1754500
2898307
157901
443505
9670013
964648
2129309
7994794
1744879
6687070
2901101
4132875
1606533
2376021
1182452
3371941
7725076
1720576
5378550
2135165
4267791
191349
1608778
3784448
1462870
8880898
1698207
1177089
1639328
1669326
4783375
2840343
3986747
4646877
3718558
6907387
1674900
2768163
1354662
1812323
1224741
4228994
1921441
1594974
6917087
6876678
1166272
9438129
5664641
1692513
3981068
1197987
1670692
3152255
6661069
2963275
1397428
3651558
1616484
5680240
2586298
8130861
1164389
3795240
384202
2582005
4622572
4990787
7163234
54296
8636166
9403462
8259522
1540001
7427801
3756179
6128583
3198121
7301745
4978626
1893546
1726329
3230576
2740160
9545595
184526
134950
5329391
3668801
2735092
5515165
450178
4179822
2348493
163953
2929037
3901214
5221609
1683849
1385223
4386051
6425525
5874528
1349276
1652758
2564098
5824075
4247847
4721908
8517485
2170721
9713577
1899372
2371881
1252936
2762995
5457282
1922432
2944996
7471267
4611596
5814659
5779493
1699041
9666331
2926380
126387
6554057
4833259
7725104
3235297
1145502
186251
3169770
5924070
5805417
4857656
2956109
1203842
5582409
5909511
6928869
7419072
225065
47968
3834961
2605273
1383653
1531660
1423056
1264461
213373
4598026
1441248
7626948
1567020
8352641
1598439
2330346
3123122
1458660
7796668
1681472
5367345
9807008
1652110
726591
964343
2352352
1860437
4720497
3296412
2890330
2651725
2350134
6325602
