7359626
6770159
137884
1986313
2727095
1752428
7413750
1102178
6551227
1938688
5737418
1705057
3322983
3921460
6478940
1794334
2682192
1143098
5176506
2927281
8633610
2867482
2988191
2970171
1325884
8834031
1826102
1409827
7317629
4793797
937208
5319438
2848106
1808561
4953198
282977
1789003
2623260
3204181
2760288
6668697
9784304
1543192
1951869
1856447
2275067
2931116
9483018
2495075
3375960
197535
2854343
4574076
3170311
7135898
1621780
3619862
7183410
4643302
2787664
7895077
2574724
7663305
4808645
160196
3383862
1868631
667030
1277035
1381514
3193013
1272008
6570625
3552649
1845433
1701933
2965296
2464246
5493689
4685485
2835799
1171630
1484978
6465346
1151916
5485769
6417808
150359
145648
3302434
7327379
1227626
4863832
8883948
2181520
8559037
2947321
8158813
2543563
1828041
3201866
1919774
4365154
4520430
1244430
2628833
2761703
2825599
1893865
4774459
1818595
6785714
1549478
5921152
1824181
6807693
4497923
1444253
3724855
1478253
1770895
2809907
3324387
1694685
3979531
248635
2815057
6429792
5601294
1546156
7289355
4909137
3123864
9333720
6256335
3296047
1389567
1357475
6558277
1158364
118945
1919079
7513107
361052
7462761
1805823
290118
688571
3875005
2168370
9683134
3345655
1830569
4699886
1521999
2302916
2977431
6746906
9214997
1279285
1702774
5746325
1116410
210196
3545092
2139940
5378500
5416298
2811585
4354260
8899070
2793543
2489982
2697085
4223569
1792662
2583951
9505017
4583781
1904583
8936930
964778
2751632
1314957
3428801
1652239
2235472
2888082
2437943
1472852
5907178
1194262
1309173
4872396
4266760
2744859
1716073
2791737
1642718
2842329
3774033
9757623
25929
5524335
117273
8345459
9939453
5547609
1826848
2948972
5212146
2526138
3657312
1600544
2243856
1975053
6871055
2187617
577385
4623255
7462323
7406100
7738662
554038
163303
7420294
1990606
3364490
2722045
4722362
2201832
5413323
2361492
1491452
1543613
9979227
3267739
3215454
3213389
3939582
3972830
4513115
2685348
8256572
9564550
7528516
1646064
3849459
1557772
2187726
6168683
1698853
2731857
5801476
535760
2440188
2929110
1563314
7891081
6995545
1518388
6776784
1666412
1738642
2476088
1940900
5138654
8174667
1451607
372085
4746067
1742088
4155837
4617739
7453305
7277819
1509453
165040
1674875
3683111
1386596
7841478
1629221
6708244
8275156
7843098
9140376
4952607
1136433
2338802
1355489
5183207
1274989
1311299
1300160
1754861
9159736
7162403
2831084
5206739
5899825
2285122
1718560
1884409
5746392
5684113
2337729
1325426
1416475
7957850
1617301
2705777
1934168
2375803
5441450
2721774
6409248
3316690
7722580
1701464
678240
263776
1752191
9310881
8452798
2689037
1485350
1745259
9130184
1844048
7571268
2743515
4273994
2547634
3263932
8209478
165365
7385262
1122742
9336993
4546303
2306458
8762304
1375428
1776316
1715571
5827133
6331779
6724290
5722014
2858942
5732706
9104171
3340240
145882
1754342
1230582
16300
2861427
6180446
3519098
1100947
1689143
7349685
4317266
5419347
6203455
8582582
4996307
1119883
2404296
578673
1270253
2555157
1896838
7463657
7750741
1174692
1341322
310790
847675
3525313
142548
2165663
2152340
7685860
3657744
872555
2477286
4780092
2718227
2503980
1109375
8621541
2941550
1687758
9547214
7399037
3991562
170315
1166462
1844154
1557186
2435374
4954627
1514314
2799318
1572297
2649988
3122114
2831133
2882203
1104939
2724363
545506
4924577
4401516
1114124
8378424
3366514
1858127
7212439
2979475
2140321
1743020
1130535
5892333
2107995
2317381
1249062
1911524
1622445
2574044
4708859
2416546
5310536
7701616
132705
2919020
7520846
5399689
5891067
7907751
194299
1803692
6633671
2208417
1576088
2534229
9498058
1438540
4743873
575527
976121
5560477
1609102
1853174
5346023
181291
7422729
1671420
8935135
5395338
1539249
9469482
9683871
4214335
1437306
1856228
1673026
2691659
3933692
1128942
65986
1346586
192098
2892685
6818462
4219380
2135334
7813653
2973972
1571472
1204278
1423514
5185932
5837017
5304614
366883
2482773
2379679
13716
4598720
1124091
4347169
3746317
1988539
3416404
8824034
6390500
728842
6383474
1873164
2900794
9116968
3580155
3237120
1350889
1893067
368656
4917711
2970815
1676249
2924397
3151727
1331004
3443287
3349200
5485134
5781731
1230618
2473551
9387000
9968303
4145837
1716067
7883890
3777197
1777017
159728
3723134
1278544
2887098
1238090
136297
3103289
7827326
1948022
1597212
2105508
4523290
6246687
1927141
1123121
5221239
3303669
5375637
7536080
220886
1925521
8707961
1295545
2372484
2389599
8358996
143054
7679041
1691816
6613539
1836005
4949721
935362
8895431
3372713
2334687
4284335
1506497
1319060
1529094
2453832
1275199
287036
1791406
34261
8840223
7232806
377711
7513840
6837026
1730070
1192971
4439153
2476437
1820221
1989731
2457691
1285621
2869314
2482765
2116534
1191535
1231588
6420644
6272502
516995
187167
8723268
5889363
599425
8639476
3158053
2899991
2759857
1554396
2391601
1465333
7360331
960385
1793030
4811861
5887758
7763059
4918127
71861
4151357
1120068
3704237
2220912
6251229
1483466
3377760
167081
3891313
4368853
180991
9449747
3516400
3819041
5536894
110350
1329543
1876131
8764614
8728246
1790866
3477716
1626467
4522587
1126016
1132248
4188428
1581304
3309639
1798196
2128488
4765235
4163561
3567533
1168722
4526438
4694845
2203880
1775908
1568468
4295558
1443579
7942196
7436092
4830452
2647668
218322
1746522
3832585
2559331
6559532
2559541
1306052
2889728
2199564
5900697
1290454
1464648
5692614
6329157
4241952
199057
1238970
1340305
5436161
7238617
1975274
132610
9217781
3917535
6408422
4564203
1769052
2265690
3430132
8765444
118688
4461939
1907973
1326456
1591049
9648370
8208445
289922
1852906
6673084
6903226
1462031
1613396
1767248
497123
2454125
3958364
1994225
2963977
3153427
9845937
133310
2363383
2947372
773844
1454101
199661
4635628
8566206
3486134
5794031
1727251
6957349
4975169
7815722
168964
3322912
9739211
5549341
3844015
5457029
476354
7656962
1326530
4400746
123420
913816
134800
995553
9978014
6270669
9234238
4544172
4850804
8300801
3195206
1926982
9388191
6211157
6416271
4980431
9556852
1206564
1708655
3366409
1545703
8642459
995903
1926526
1865018
9749245
2470398
4707041
9914010
1545925
9465856
2800291
1353620
414495
118334
3992441
2151579
4158038
1593590
3120439
9619792
3596190
2451969
8812073
8416554
1780975
2217163
3116448
158748
1128645
1422015
2650724
5635164
8950341
2763505
7742909
4260592
838497
1550284
1834818
1351123
414294
4710920
5133569
1536304
2590220
4663704
1723330
2157737
2753760
3676317
9883647
3757939
4763697
1249396
7513249
1263196
5148582
3100685
5167944
3488613
1917622
1329958
4895112
1781027
4903141
3356110
6187312
4926476
7717038
8548975
3695422
9989861
260913
1193166
1971091
2495667
218475
267474
1982474
2560756
680369
1917181
3298042
2270830
4723703
3464956
8183981
1709120
4452240
1172610
2694075
2694795
3938235
4575089
4441623
7416144
7898162
2478431
1587406
3126373
2476771
3603833
1214254
1619466
8564115
6264158
2320865
1731249
159508
314773
1830043
174964
3413679
2589340
3423766
4364687
6275823
8218388
1522648
2665836
5633078
8736586
1859383
2149905
6489075
224224
1253330
2607165
127756
5228965
2293007
97764
1393093
1668111
2849140
1311366
1415296
7866631
1580740
8320887
2906466
7365378
1628288
1551701
6670809
1814674
8325634
3702045
122337
3890239
9290731
3856001
3545342
8720681
99152
4827935
1562084
138225
2245368
4772773
1683382
586370
8215801
4713241
3182066
5969534
5189875
3197737
1512719
469128
7991434
5723282
2266653
3827512
6538282
567390
1158964
2950578
1807393
477395
453484
1326208
1714447
8262764
2558691
1301810
1537071
3379825
2561838
2955993
9647982
6556588
2381596
6625272
5746602
1561452
4902215
945697
5421099
4867116
4843216
7357116
9576512
6642577
1980064
9249069
2157718
227966
3564248
1906419
166526
5464910
124427
1173915
8613900
5653033
1156535
9624018
1183709
2862977
3197374
7564712
7150353
1473780
4318001
1857859
638470
2573502
248353
2892090
3324992
7910467
5705889
15867
2517149
7302336
2994686
7491751
4333039
4926272
1218102
1182931
7234367
2864331
4812956
1643372
5273267
4698750
2254914
5423064
1185792
1769551
1775750
1172319
5373742
1168626
7663478
9494855
4715081
9157120
97851
3678504
4813264
3623709
1555013
6149030
9177948
4407400
1677442
1912158
3659659
1792749
3403470
2470008
2821174
8768249
286511
2135735
2820946
9531764
8558259
6523666
4630071
2697952
7210699
1176743
5903830
351153
1463235
179616
2732078
1414612
730816
9563709
2801420
9618126
1773727
3501658
4574847
5126840
1997030
1539070
6799677
1181798
188068
1140742
2887121
2248288
9284226
1486828
2616152
1869417
5225082
2917386
8249066
3487342
1903970
1529672
1220476
4127479
5907953
3644393
3393254
4184698
669107
1512876
5787772
4532388
2510688
3729416
5415551
1605484
1541015
61773
1890128
3696926
7167788
2822164
7352567
1511631
2928485
8342505
3473461
1471797
3356899
5157226
4548760
1925610
4839368
2181235
6485786
3897202
7113739
1601028
186385
6825752
1466668
1430159
1839027
2915001
1444574
2861351
6238423
2365476
3240674
191865
9206389
8252500
1159631
3124506
5786393
1967590
238349
143226
5972620
4786011
1665867
2426373
8984238
3595201
3311645
295786
7504675
5237957
3417395
6970751
7385420
7308520
1768345
3984360
3652968
1799495
3342501
1797900
1287665
9605217
1866244
5586774
4643063
1401849
1344390
9577800
2575952
4351421
2878831
6525833
6123171
6831446
2574460
2145895
6819693
1965674
5135617
9222420
2652708
2705588
970498
2674852
1163649
1126921
9294239
1366620
4933089
4569246
7124266
8198061
1875594
1559173
1552453
1133275
6526927
2715655
5762836
9377125
9655215
1264559
3724441
2882431
2332074
3855284
6708222
2425992
7590766
1521634
1285005
5825147
1487482
6161648
1370879
311352
5262766
1559515
1785004
8162699
1722852
193907
7991131
1183343
1963835
3227911
2588324
8595289
144093
6678171
5213111
2191842
3574941
3839830
2571053
6298544
578899
3265932
3431150
1175235
5995374
1719674
6362599
753790
3346164
1914779
992269
3998460
1700182
1987267
3525141
1175054
5186326
7581216
2491170
3383652
1187391
3122044
3735451
1703792
2505753
4613491
4548368
1780002
1504833
1716732
1659290
1888027
1657946
4138223
1753578
9726158
4665982
1735976
5333881
2897019
4348062
1360141
2629890
1811444
3378340
7748780
2880736
1195348
1300385
2678305
3504214
2186582
3890426
1422074
7982301
1449525
1327907
8466770
1990013
1906636
1570922
2229840
2967929
2927022
6329820
2680442
1189978
3626663
6590255
1305650
2231471
2347961
5800623
4358547
3804833
4473424
7691942
2479162
1679487
3345888
4267027
1958106
1158803
1633680
1458416
1815327
5525364
6450945
1305006
3528705
2739836
1281096
1592963
3892303
5833176
1485950
8142964
3488968
949592
1179741
1235048
4279044
2547945
5842564
9314773
1655856
2805099
5505847
4375988
1460374
1308391
1697173
2798762
497472
5521288
4484620
4889970
220624
2966916
1564697
691369
5753562
1104279
9397712
1962137
2690360
774349
755067
1570186
3680883
4670980
1716958
7363894
3906343
9295839
1167731
1719625
9298468
1764282
4150236
3483550
8120624
2673195
9168946
3580211
2904664
8554954
1924147
3217687
6987985
8333851
3521829
3441349
2986984
4394040
1695227
749230
2818923
2943603
2926564
250968
2342249
2961071
2814160
138407
7934043
1732799
7840919
3183597
2562823
2515753
1882165
3750231
4950353
1529515
3832579
3845886
2594353
8682020
8540974
2980884
146309
3693714
5617117
1612799
8626719
3184743
2893999
7412924
5609907
9941608
1308460
3987524
1995728
1563412
1239122
1734891
1254265
1683735
4115097
1713957
2383464
596426
1486936
1716058
2527676
2676557
1384321
1675896
2733319
7645255
2214383
726076
336696
1881215
1652524
5807928
6299488
1345643
3627685
1518433
2804145
3547722
6218855
5491884
1463119
1389290
3970758
3158769
230664
8424421
1689861
256233
8198710
1524044
2678877
3693485
6217046
221517
5670788
1937522
1575515
5636664
15800
292055
26929
4822717
9844483
3711910
1706324
118583
6587058
1718108
1683436
5588948
3237155
5782615
2349211
485333
1252990
8844293
7183833
338536
1568193
9510938
1334604
2126200
1294116
7280245
457064
5772148
3357587
7614504
2394744
1287268
1251414
1659846
4475584
1693582
7547080
968660
1785559
1232442
1978189
3761114
2805111
1132245
2743497
3730254
2722796
2678268
1227358
9652331
3925920
1295866
1390205
5366808
5792295
5640574
5832249
7342337
5539387
4219072
7792088
2140857
2559815
1472771
8667706
4129727
3967316
3101554
3369623
7115334
3401607
4297494
1164912
5712621
1315720
6691825
7374134
6626577
2906252
2323055
5110212
4361765
8331779
5556540
243619
3901428
8302253
184112
258366
1872058
7213933
740110
1419703
9542429
2738641
1194019
5179599
4972739
6754147
2960599
3626686
3162433
132223
2600463
1757704
3301378
6675078
7255131
1466768
6683558
4377545
3290768
6888547
652940
4707191
675852
6336914
2553067
6498559
331422
8515599
1334946
2397023
147636
1646157
4275318
3585780
4387789
3467795
1311953
7954213
5259550
2620626
1483875
3961403
2808083
3202664
6912538
4961002
4257479
947394
3551476
866288
4331866
3669111
3431177
1717173
1790441
1684096
4465169
6309942
6373369
1386038
3890800
2668519
1227684
1494405
2552929
1578157
6104496
1213848
9805110
2273705
669989
553553
124651
1357224
2174085
4350836
1953908
1597448
1570254
154896
2993819
490091
1841789
240711
3479586
1690542
7976563
2244044
7500077
4834379
1540170
9956055
2732361
7670664
4774846
6848323
4275111
4327750
4187001
3423241
27134
8801112
1919769
1693803
1175288
1771918
2352507
1920097
1994005
1445325
3176816
1198887
1715780
2243821
2221073
1981532
1995761
6125463
1522136
8729593
3260115
8842354
1276230
1488839
1969372
181382
9226054
2378219
1833035
726796
8799434
6834138
1517217
791255
2460143
1530438
1522749
1237113
421630
1581711
1590768
1190217
2861980
1809730
2311205
4427078
1100287
138825
7723498
3499756
4357815
148169
5840944
1853474
410763
4903093
5260297
2173167
1912959
2678924
4568666
3898688
8356212
6427897
1257739
3292533
1196326
2533969
6345249
295647
1830936
1596635
3731683
2926652
2889873
4404417
3395629
2957746
4159189
1853156
2802437
3738340
3802158
1200108
1629689
193086
2520908
1613229
1352149
2471221
2363641
4886536
1923098
5355895
4315273
1969243
98652
3737730
3904670
5750214
2226677
9179287
5921392
2530977
1782725
7191664
8838029
8133199
4445711
7124752
2768504
1581153
2620826
2143569
1434897
7534870
6996683
7738674
140780
3514549
3773397
9566202
2351869
4293739
2639474
2768662
5167798
2336693
2493451
4877055
4234906
112823
4655855
6383393
9655919
1991394
2663271
2743322
3102560
5227897
1299115
3812132
1284838
4283382
3353967
1281942
2561200
1192368
4794454
2327904
273669
4875949
9424468
3524647
2745603
144395
7581388
2405916
6282917
3771842
4242610
1766900
2782465
2778989
4893286
2461881
2860145
2439412
5617889
2118551
4740907
3571575
3104084
2449467
7304508
1279753
7547772
1472015
5778726
1920337
2520739
8488074
1413690
6900824
189740
1837687
1954238
9333576
8799135
9303210
3530699
7691489
1311965
3676810
1909102
1926717
1513169
8250041
1411947
149945
1816453
1947092
2582265
1326893
3655846
2499809
1192249
9276942
4571206
6349734
6600528
1720576
7949962
1768171
280829
1680575
2431743
4419309
6413472
2939973
7633791
7449750
2488780
3333116
1628790
3119137
4227818
6584775
1574985
3160730
331578
2932823
2742571
154628
1330215
1215944
3789294
1401938
2224210
1493403
4148312
6725226
2626272
4603400
4854437
2983726
318839
1234707
4748904
1797112
7391119
9852750
6135539
3642357
7413416
3356437
1437298
8841534
2867915
6953765
7100245
1269281
3542886
3855389
4910477
1851693
2763410
1172899
1949611
8682077
1627912
4987578
1679119
1306338
1146968
1686175
9795649
1148949
1326046
1926846
2238431
290106
671828
3637932
2427409
1185582
1443686
5300380
139917
1158382
4527667
1204305
6697369
3633721
4743817
1433340
6830753
1699740
5997368
5950262
3797069
8769646
7575703
1100823
5927904
9975432
3962890
3939763
3645608
3936182
3371772
1172836
5694882
2700647
2270212
326991
2578000
2232138
1367203
9963117
2945266
3310308
5549088
2418141
1309698
9859415
2994241
3252572
3448567
3637411
2822817
2663791
2287531
2237285
2420980
7413222
5770710
241269
1925300
4237787
9522079
3395890
1713752
1473968
7812015
7762152
4198642
2940542
1835610
5349226
5324286
184144
3401214
6931783
5956840
1250662
7516235
3120725
2951001
5599513
979149
1999914
8334515
5153188
1356999
2459851
1207412
278047
2457426
1243412
4193288
1881558
1737367
2924177
318026
2532197
1708522
263663
2501093
1850031
6879680
4953854
6472465
9211478
1490645
9149985
5217087
6271302
395631
1417866
9226140
3779010
2404458
9462001
883402
9960640
7775717
3788988
7531310
5578303
6477953
6282946
6295440
1691031
7635270
2572033
842828
2704123
1196687
5220646
6854897
9236965
3518513
2640967
6566119
218359
2471673
6611755
9804310
1885476
3761182
1164935
1493640
2963744
359441
1106426
1815071
3927472
1729474
2957301
5230482
191951
6109287
9975825
7993907
1125194
2982296
6898541
3629416
7750676
7594426
6217236
8919374
4373077
1358835
8860090
8952894
1288187
2668789
4580990
9462329
1415530
1861590
8267535
4634862
9443190
1836563
8648781
1264184
8478813
5357595
1630966
282429
1624069
1513269
1342984
347992
2425723
4745633
1445528
6585211
4778794
5882852
131857
1980781
8789900
5956044
2325748
7401985
1603934
4179458
1273880
2505624
4223179
4269878
316537
3312022
1543681
1799853
1347811
2502691
9876438
5611982
1430354
5782502
6346724
4499122
6368019
3195308
1273799
7651775
1896727
5663009
9698688
6866569
576336
1955971
2299088
458477
1887157
251496
4443416
3472916
488556
7297630
132737
6104121
6844027
3457147
4518442
4795118
5736222
8916711
1826956
6842605
2561033
4694571
3263213
3819950
2186828
615285
5179865
5450246
1705538
1903299
2884717
4770906
746704
9469349
4766714
2106331
3957946
8261991
5481115
18577
4930562
2947520
1198805
117402
216954
1878046
9299967
1525226
4101487
4598015
6992413
9816723
3876357
2613089
336230
4120298
6716100
1189690
3637632
3818943
3161933
3134896
4964921
2999305
1288369
1632322
2318983
5918225
3547600
2941716
2663199
2650847
3288825
6840721
5144331
8384914
8427669
3917737
4814447
2160404
359279
852219
9811130
2760990
1795250
1947926
2988144
2706511
2920099
3629889
8913312
6689928
1865734
8838987
62203
1530770
2290402
1636711
37865
9445712
3178824
7430819
1164072
1444233
7878501
1602288
1527119
3831072
9927655
4519735
316991
5243346
1543156
1274385
1281024
2298659
1281890
68236
1435524
8273770
9858989
5671112
2240363
1671572
7734893
4123245
9119874
1953312
1373694
169615
8791120
1393475
170893
251064
6634260
2184100
5588122
3955669
6378374
345032
173564
7237382
9975080
8983833
5174303
1108593
1861149
1313164
9257089
1753238
2739976
2872911
8769866
4895010
2766777
1885632
3664947
5760498
3619481
5854705
1629083
2582144
5396591
4386600
5174809
1529608
5715291
5918393
8366442
9557459
3901582
4415731
2133567
1323595
6487995
4802916
6559524
9637818
2364322
2325108
8310861
7658926
1608005
1683669
9862789
1764731
4354679
6188748
3415576
157148
3330434
1415032
8417769
141669
1569275
5851440
129116
9138169
1861590
4279971
2908846
5993964
4211351
4482419
1404178
1730455
131684
6810385
1899865
6701466
6989170
5303744
390361
2324584
8427327
7219156
8647249
5210373
8117111
8371071
223323
5626414
2278802
6740705
2587369
1249079
2104771
2949407
3613341
358461
4587004
1139522
8845661
3292688
3908438
2484756
7344108
2897203
2155157
7562979
1546684
4159825
2271761
263658
6545438
1146140
2352722
2394555
4117294
7276142
7955024
2668996
1349303
1824380
2887196
1490120
1825894
2348424
4428653
2584438
3850644
8252553
1385951
4493839
4422482
8316588
6388665
1647680
2815491
9460243
788744
1476303
2665960
1333596
5264065
6651428
4264999
4802096
415093
6508175
1940523
8257142
7559516
1921126
6312853
2790851
1318066
5790155
6917044
2958602
4821202
1762396
1169704
1913181
6776967
4803602
6465472
1492210
7674955
898688
1586083
6778923
1107682
1918815
4954449
9307803
5928688
4281264
3904419
1994691
6112526
1692768
3447841
23857
2589478
4527191
2599554
3438057
4149374
3483564
7181417
4886656
2229035
1820839
3967966
4879533
1326639
1321991
9629943
4318377
2525173
1773527
6331704
1611701
9827174
3622320
7362688
8157197
9231935
2528002
1986529
3991925
3538456
1566193
5221445
3844571
764983
1543246
3593031
7554094
3962002
8894853
2820460
1703081
3633998
140934
9830033
4905659
113476
5777509
554677
5394734
835424
1871307
1442157
2496098
2728821
3173747
2992632
3645436
2839913
3100533
2619825
5256267
5322312
3375566
9552096
8544316
1758632
1963730
1290139
1105278
5615891
5509924
5276349
7492923
5220750
1277893
2370570
2775273
1454641
6134345
7681514
1742462
2440120
4531805
6314017
7262019
1907193
2648138
9506439
3257667
2600322
13822
1223044
4633250
2449507
8755004
1228750
3223871
3798186
1294473
1119667
6845304
1537349
7147412
126221
1401949
6701084
3533718
3899416
344411
2233208
7777228
1138757
1141510
1984069
2752463
1555714
2732837
7790032
1869951
1414955
8753327
2508616
1636221
1490416
6453665
3766509
3588421
1916408
2871256
8557748
4354704
8740974
1631559
9198556
7579726
2788043
2429641
949052
4977536
6464903
6819995
7831449
6718992
5691295
5281449
1484608
1712377
8774396
1479227
8131456
1851384
224087
4928515
2960897
1922081
1805906
637938
1555067
1578576
6686906
5415306
7749076
4200612
1679573
1242588
1589145
2746604
3554809
6928045
1746732
2956578
198731
3886134
31495
3324720
1532971
7920688
1764318
1125602
3461211
414603
6553229
162753
3977464
1490858
2294387
2361795
3875158
110790
219288
7287716
2649562
1336546
521024
266146
9722082
94285
2576208
2357297
3765336
2444540
7657728
6543726
1292829
1557821
3406490
178704
3632868
789126
6416948
1180080
3587489
2765294
1680051
6803536
1375756
4441962
2769960
4493538
4733087
3765105
1684563
525930
7605213
1996075
1964382
5121151
2100839
1490733
2742267
2104321
1384588
3334805
5290814
133471
7636771
1165284
1400371
2258081
692018
449007
2257086
3726427
576644
1436389
6221996
3566265
1744370
8706517
134105
2898109
2950006
5574848
9149331
1452747
3922869
4232313
4700985
4264516
2356184
5481633
195231
4221810
8858432
1118681
265948
465000
3236711
2689196
4850165
5366241
114603
2772695
3815038
2110335
2989192
1138195
4152866
514912
7792171
8706818
3622862
4934533
122356
2808393
2833538
3284820
6490293
2980117
1403922
1824661
1703365
4742105
7186623
2575851
2738448
4336304
2909468
9594446
1729154
6329129
7174618
4686580
7392906
378467
5503297
8552401
1341186
1588487
190558
6218794
5382993
8386012
5902127
6235841
9561885
4334717
2965124
7775132
5314266
5236189
2704901
339735
4685485
1928248
282278
184076
1651727
3977499
5484144
1257228
4938604
3817244
1711543
7181627
2478571
1334924
493752
4544036
5584184
1208379
2668465
6965541
1610987
5128855
2196005
3916308
781281
1543141
4220461
6314057
1486644
131537
1154029
5600759
2962138
1867263
4427469
2964558
3736606
2177949
3428006
7744336
1546311
1515754
1855309
5789819
3399257
5422359
2753141
8735658
6340950
7491602
2526169
4633989
6841552
1569577
4184837
9257277
2754493
1349216
112723
1574439
9727289
4350498
1781386
1259775
6477093
9959833
1783223
2265239
1582069
893309
1769233
2324926
1323130
7208129
8659325
265058
9527825
3963173
7963657
2361798
8892242
4752116
1777324
1459470
3638306
4222058
8875235
5594803
2415230
3862712
7904722
1624624
2384323
3487738
561128
9258982
3589807
5874006
1907768
1378471
1454471
2490333
9641128
1276673
2761382
2527003
1185400
4124040
7414616
6492045
2538875
2789570
1915492
1727293
3948624
2332480
376242
223705
2446386
9104684
1947094
8910217
1374764
1706320
8339084
4356010
2640193
3808753
8802620
3947004
4737687
2697760
3421064
6864581
216312
2463264
5414152
1189056
4162453
6509632
9722426
258511
1123561
3795568
5346450
2870988
5975383
1666560
6875115
1919701
264229
1472681
1688389
4124375
3979768
9576058
1231053
6635718
6821698
5788671
535956
7987867
199515
633715
9725083
612910
1228778
9174876
2859956
421104
1659808
615624
5968076
9561224
6212426
59885
1551428
3715646
4304230
3990185
1786331
7104259
1789646
89448
2848195
1963103
9212160
2308887
2162813
3213687
2278485
5987452
2437368
3293700
690609
2669431
6146441
3184554
8789636
2386414
3117950
1673840
7421594
649228
2180857
7820738
5949196
6123806
5267222
2206857
493198
2334593
8576633
1511954
3945243
6477489
268622
1256771
5518566
1268761
6207470
763694
2560543
2982299
5184408
2456040
8678236
1653447
3196490
3648399
2871510
7314120
6848161
1671847
5526775
4208525
1475949
1743232
8212398
2119743
1789247
3964312
8223478
2206336
5288573
4719612
2417134
7585133
5655940
134611
27380
8924371
1270229
2290506
7490920
2736401
3369740
2413638
1490555
3793676
9460493
8378481
2497378
1348079
1463430
2975935
5838038
7862467
6650778
3345698
1850968
2349636
6677915
3119447
1207887
1205905
1612534
4373244
9763005
3259194
1974005
2991224
3537141
2616591
8107176
5919007
4518462
3316151
6475689
4784020
160797
7597009
7650376
2417568
4414677
3912899
2533848
1823686
2202849
3475316
579400
1777589
8798983
4210662
1261956
1397817
1238654
1823458
6888190
4324170
2206076
6875382
1783871
58362
7347465
2517558
3492281
1255494
1248877
2746139
7618398
2589007
7403949
1674989
1221935
7490271
7486923
5130433
1476424
5862985
335288
4883436
180355
4603857
9850704
772205
2243882
2445352
1225641
2288838
7462793
77086
8420969
1889402
2678414
3557079
2156389
3739103
2301029
2613008
3139056
2289593
7174880
3437946
6347484
2462709
816389
3156932
2177522
1527204
1803995
485945
137443
230696
2161114
3949556
8581260
1830216
6366833
1780609
1656007
8258577
2784275
7274296
3124181
1496559
2971253
1858293
1657304
4545626
4729936
2769935
5104214
2822515
1865902
3583191
6740032
1922855
3108469
1929716
1920834
4592844
1376311
6432998
4657868
7463805
1788374
8305895
1288090
1816226
4721844
6642142
637555
8593521
1535311
3904097
2596227
1339288
740684
2142690
8880818
2177530
184049
3360603
1853163
2170460
671113
4515793
4448723
6431096
5562541
7273023
5527795
587611
1934232
1181976
1453288
1146015
2590975
1841568
1319158
118410
2487302
1809827
4346504
8611535
2169238
2325014
1827259
117614
1329975
2494455
3966696
5657137
6987065
2644460
4633738
7129693
8640072
2565789
1291231
1885047
5879666
5437341
3464794
31060
2903711
54655
1453124
4767124
418090
2741177
2451770
2438564
1645847
1935021
2741602
3483998
2148890
1860695
1479717
2242396
3412037
3867609
4182242
2549952
1148411
9355523
1283997
1713840
1210986
9239696
5573580
1352577
6739372
4126751
3983185
135067
6681223
1588501
8113190
7804402
9729437
4696928
2190634
2498622
5923801
2569282
3926664
9838269
4636837
1678197
3321574
246502
1814787
816200
1760628
6197017
155828
3731530
3485412
1847551
4144030
19349
6431975
5548239
251485
1746665
3687467
8874726
1772054
6240010
1722023
788514
2156416
1403695
3169237
1794321
1990185
1530059
1431863
2800051
6425801
7122927
1727082
370497
1656564
1946248
3103723
7443391
9320323
3156081
5755399
2167916
995950
2530837
2646344
5120657
4418053
5783013
2852872
8796960
3911717
4268398
1166472
1914714
1727265
5454976
3643678
9788762
1607781
3113755
1247750
1427993
989390
940130
1834933
1325730
4741486
1879687
4443890
1537712
2158781
1386744
4815707
692566
2760573
1788589
228783
5105332
8818843
2655541
5500424
1204135
8359037
394899
9504916
1548525
2758411
7659258
4142901
6661733
1708778
3148323
8618823
1861910
4789499
4447850
3297622
99600
8410940
3969154
2927121
2802725
4683267
7599034
2498303
3827645
7963835
1104622
385893
2890813
7335795
875595
9580581
2601757
2553697
1806887
8106366
123074
5850250
6722014
1109386
4497935
1300570
2434993
9181532
7605452
1818739
8692627
5649346
1633016
2835956
4223158
9180421
7822404
9492779
2441013
170888
3979845
324641
8266998
1730063
2264109
3361110
8396756
2137643
6256420
150297
160256
1684285
1863660
7540459
8845890
8250086
4610418
4351247
1451373
6792840
1915837
5641298
118481
2589784
8286675
9880950
2974475
1992939
1316189
8709350
9948427
5640893
2301664
6335565
3459866
2206323
3226715
9895580
4621741
562659
1592396
1922981
4592853
5982074
1933087
2153769
745499
7717945
3135902
8178762
2125283
1699996
7464965
1737570
4496023
1235465
1944661
5646068
2415695
9876344
1962417
613511
2869217
3202316
1492517
6791176
4620899
773022
285334
4254094
4120356
5164972
4409510
3190095
1259359
9453107
3625141
2204543
1595001
8825538
6864679
277783
1690538
4341571
5267958
1202890
5485282
7425874
1229830
7209256
7870627
4165485
7724181
7285987
325643
6532000
5545309
5164252
1509903
1870168
7199288
5660199
6635069
132950
5622356
3483725
298680
1996172
9455606
2368167
1339246
2554639
5389649
1463192
3480622
1345894
3534116
8629759
6344139
358626
5567330
3295064
6319126
7540618
1352942
7896980
2770017
4285887
1871659
3263703
3520174
1250275
5863789
1933973
1942428
1357428
1410581
56405
1378205
4778677
1388720
832290
1350776
224689
8867744
4390039
3703685
2285454
1801555
2259630
4906046
1391232
3738657
4192454
122262
1950605
1660127
9162817
1788562
846806
1548309
136348
1970323
1906113
1716514
139597
2585621
7818572
4410347
6228433
3548740
8776879
5161293
7706378
2260423
4539948
1249952
8116540
1859912
3121914
1120579
1744609
1210054
3535089
8505740
7604253
2609588
7199951
1268334
482258
4217511
3306555
5393307
2871017
1197267
2718275
5665094
7254302
7664516
855168
3619886
1931039
8420432
1515870
1173187
8411713
1119747
5463044
6483256
8329143
5537147
263819
1543481
174554
6639671
4964288
7628978
2834629
632724
2324730
2322120
8788776
3415302
4233505
1562399
8292530
6823190
3200079
291757
6917304
1816796
4134973
1220028
3883178
294214
1526523
1760025
1744221
3604236
495108
1999334
7986921
3907700
1604373
7479186
5864101
1760403
1260526
2804534
1736345
2843764
3401197
2148506
1794941
3654801
4758238
1193774
3363172
1288502
4588498
1691642
1543315
1863399
1724725
5588360
7464172
8631592
279602
5224582
7339302
1301195
6509471
1420910
2411978
2373723
2527263
2257933
1508728
1348373
3892710
4105762
7569000
4447245
6419873
2239641
4359570
354693
9197298
8937203
5559126
1489601
2248169
2594160
1274886
1729878
3442954
5623890
193564
5765366
2126964
1615948
1169076
8983683
3419062
2416784
1368300
4423398
3915133
449172
7908776
6180827
1617846
1374344
6724987
4871173
1688495
194298
2316232
6385303
7358900
5865848
8819456
3966671
5132824
1238848
9526161
182269
1241150
8247462
3935833
6193691
9387401
6545419
3942857
2985844
1587439
1314014
9231174
2748503
1261027
4564063
1399292
5168455
1340064
8876581
1582197
7887345
1802443
8556215
2231905
2908000
1509045
3909057
3637913
712435
3254964
1268975
9863047
1567416
5210172
1314991
7757034
1986770
6450670
2404232
3872795
3203355
1809524
7731837
1851001
8235145
3545997
1568065
3162500
1177245
2706486
2382690
5467617
5626268
170459
1236751
6844001
4433946
7742398
1888241
2179535
2523416
7126044
1696342
4946875
1190867
4498942
6492728
1608973
7433959
1925120
6628730
231231
185858
2425803
1725874
9178789
4293990
7745628
1736469
1857266
1810593
8926923
5877118
2108244
1406508
1337643
2480226
5622828
8139338
624319
2832830
9352601
3318734
7249305
1608961
3503445
1214219
1761594
5380795
5846915
1636838
4161830
671142
1508140
1360580
5850580
1930652
3694848
6411093
1639478
1930489
2554780
3709362
2801285
529254
7362926
3702256
4777371
8375284
5556848
3997489
1177606
2233284
2648127
5710977
7445861
8648945
1548083
4164849
7371887
2667649
3550967
1860596
6929151
226200
1152321
170694
2379015
1178380
1714811
754798
1409459
4229094
2853103
2481036
1573400
9751285
6746337
4783574
6494797
2981303
182135
3471232
1558472
6415810
130549
1550637
9982627
5161196
3602734
9418154
5244542
1406166
1215489
7650468
1806144
470744
1957862
9445047
5592894
1997974
3309987
1333126
1796497
1906934
2742619
3483792
5373534
7404336
4925692
5106191
177344
9855963
1822351
8503193
8797287
8425512
4111380
360504
7303902
348915
8583643
3963619
4327973
6941030
2627750
6355525
995090
7749046
2234953
1565501
2670741
1740856
6929445
7181858
174095
1631070
5505887
3509821
8376675
3311337
8691828
3584080
5480229
1435484
27618
1822358
5793758
1499787
1333576
1860607
9400837
5303869
1898893
5800414
6518506
3644181
5564829
3958570
1569864
2228093
2934913
1293745
3788534
3405311
4466183
4972515
6782176
3268778
1735831
1479874
6500682
3100609
2488496
5257868
15283
1980383
2903478
2278211
2377314
9889858
6272535
1582821
3843045
185207
1848266
1236927
3884016
1931980
1325453
1763425
4280913
2643925
2750854
1263162
2178080
1550111
2297252
1196255
1762389
1790879
2885334
189453
2410348
4684018
1981152
4815297
4297244
7589079
1546649
1145482
1141507
2991256
1315825
1907601
17640
8403237
2746292
4528561
7709626
6218763
221444
2175867
1130461
1387757
9589595
4660089
7385267
1998209
1473190
1483004
5769412
1393626
1796654
2299346
1759393
9258366
2876479
3924794
5429460
955556
254601
7648663
1391240
7994841
5958226
3330029
8148773
1732435
178465
3761370
1406849
1388023
9896111
6600073
2246843
2865022
5681580
2506347
1719927
1416700
1928167
2532855
8704657
7145545
1826045
2369005
3668236
7301201
967868
2347082
2974822
5367748
3421895
1504444
4371040
178694
2251626
17914
4213026
1608008
4158271
5782011
2801800
1907350
3729968
186054
530913
3401097
2438862
1873507
4645072
4534114
8102855
2700805
2535926
532199
4862835
1375757
1732349
1912330
1978802
7172003
5262923
1446307
1733022
1619501
7848300
352459
1167932
4389924
1333576
1169126
1930143
2307797
1971478
1243289
5481736
6577987
5256393
1571427
1335691
3976931
7345041
6194715
1238254
2466819
6278433
4854058
2357309
3567425
7402516
4690591
5500819
1822058
8699964
6237381
2933149
3500763
2222472
3504912
2517486
7633941
1966936
2967825
2196023
1581459
1293376
2369181
6623016
1677225
1941956
2421080
3669507
2865519
5540072
2658904
4325350
4985637
1184740
6337796
1489073
6638454
1740807
553278
478312
2618952
2148021
1252901
1532361
1611067
7955909
3436339
4828339
8518570
3787431
7718359
8634457
192218
6434514
2226536
8296698
5309814
6565997
6956887
7250160
2877368
8452978
1853853
7157438
1251558
290808
1989226
2743861
4600942
2575895
1590251
6863515
5862411
1152274
1308878
1283583
9289377
2809074
6412955
547489
7403275
3645374
1834498
191333
2136544
2419861
8640126
8498180
4184749
1839248
1818908
4134060
219784
248389
6135224
6152802
2804398
4826100
2246901
372121
1124784
1278351
636633
1705366
1116137
4480467
1788006
5345973
6344021
2514899
7717136
4910721
4840267
6957077
8809708
1996671
1757261
4801267
9167178
4397711
2650035
1754967
1351150
4519667
1981465
4976138
1879086
4524036
7757886
3509308
1374541
1517064
1235716
2121159
6290600
6918102
4432543
8254871
9901108
2148665
9313450
2467892
1961952
5917164
1541653
6552036
2945945
149043
1233284
2802866
9789834
2273881
7415297
4400944
1984481
1741621
1691739
3815017
3270632
2577150
2618192
1306462
2525837
256168
4127846
2741822
3418680
8485188
2957516
3596693
823572
1890068
5864029
110128
1874250
2777947
2531965
1543633
6227510
162517
3230301
8841913
1388052
746067
1820595
858396
2903672
2349445
1586467
4312678
1338726
4179903
8802499
9735176
4400176
1810730
6914187
4842674
6736665
4815814
8195942
5219281
534685
1175148
3768173
1798142
3369117
2444751
1852682
2294827
9391487
3344529
1115820
5981560
4870905
1671027
1259832
1606154
7868882
8286213
6463300
1746539
3131920
9400702
114771
1796646
414854
2877154
4795384
1771940
127339
1826243
1978888
4318296
2247291
8776445
5887260
3632990
2676243
5396455
2105388
3810569
2359454
6975118
7853174
150479
8177472
4810215
2406049
1969286
672633
9292652
5333072
4464847
265722
1787935
8341098
1322726
3698460
3555075
5904427
2791976
959760
1330529
3365893
1867767
1228161
4221850
4389331
1458063
6553374
1494609
2268590
756443
6144089
7456401
1553073
1530212
3188455
8226823
3899317
7906851
4431192
2818575
951044
4360979
2439457
6135183
2882239
2792452
4774280
7645830
8775393
8371930
3726585
3245350
9677330
2297640
9657136
5642925
2157879
6341149
9335566
7810021
3579963
2806040
1767357
6372194
2503583
345508
3199010
232933
1459120
2703193
1220554
6416801
4482515
5322210
1236406
1700942
3889452
2806612
845776
1362820
3348943
2500594
1259051
1911934
2209220
6613345
1748183
8590086
2823560
2501313
1882160
9797538
183057
2286605
5976563
1415901
1653312
5912325
5609421
1713367
369885
151848
8915819
1381418
39844
4362542
165729
1133635
5688883
4679544
5480200
965742
374036
3333561
1629576
8156746
8117819
1464760
7196868
1801396
358837
1891040
2319816
1358385
4551508
1232333
2357716
1227487
8827816
4638892
3695755
5293989
1385285
2436057
1928792
1377623
1931768
6168917
4773358
431265
4773829
3320404
445578
6572758
1690445
2990455
7417040
7299139
2696623
5886037
3965775
7277780
9232145
1738769
1549430
236392
1300961
536428
6240627
1405232
3502139
2801554
1570643
4549456
4403095
7923702
3627215
1568937
5896291
19125
8526847
7159398
1814019
227847
1283580
3933845
1824402
1729883
2478553
7901549
1928596
5172704
8549815
1726086
7432088
3828690
3191300
2527054
2992732
7691491
127748
2290692
2861802
4754401
37628
2653500
1597914
2279614
39374
1981586
9957452
1348047
3572237
1956742
1881987
6179123
1421628
3599949
4488718
1733898
9216209
3878692
8654631
8625570
1886705
8955532
4815697
3153681
4695986
2109370
1145993
120392
3812069
1101640
5614923
4117327
1640221
2479308
1920484
2659546
9561653
4328854
1784263
4613319
2557161
7597148
1956929
1320745
3208001
1370974
2972225
2826631
4749087
2405772
9415610
3871081
5357467
1839776
2961251
1414331
4397342
9872942
9468927
3772085
4680340
353778
2260768
1164749
6681880
3103326
7388059
1113438
7410850
5367526
3428517
2180979
1236897
5622613
6205896
9131452
612083
1408103
1437199
1467682
2857476
3793174
3763462
1691139
2928497
2926603
5257658
4744159
660687
4300857
1925034
1658765
2563608
5593052
6965681
779979
1903059
4402000
4170277
1803437
1903923
9349177
2435247
1903928
5155698
5893240
9956250
1577705
2190078
9139101
7222389
2290364
2190659
8593572
4785279
7323515
1351227
1457547
1476163
1657828
4633753
1500388
6150617
7444189
1250996
5585801
2655407
7137495
3537465
1106211
1307274
2583261
2643409
9171476
5802366
8943911
6836761
1488540
1976096
2531308
3782508
684016
2588386
4830911
1100114
2583473
2715653
1721320
7441294
7782402
6513660
1581488
1632788
310032
2136063
7584526
2298080
1941608
2982207
2233006
3584907
1112506
6783004
481861
6946038
2284108
1168624
1302618
2394236
9499807
8197639
2864578
7528808
3623090
9686943
1362907
14859
1879163
1484927
7450842
1633649
3124858
4620947
3959990
3320010
1770018
1645672
8180981
1730212
22585
2375268
1387117
1920482
2887684
5108193
8118416
1215584
4480691
6856490
329445
4284407
345622
7277610
239600
1720853
7805159
3739988
1724645
1829414
1515283
1629146
1215233
8917863
4449659
1158673
2152061
8163695
6120944
6393931
3468977
275121
1162050
7145881
2451524
5962008
1625609
2861398
3334374
3462406
3729144
175070
1589283
2366450
1201040
1453469
1632233
6918433
3360623
6331389
2207052
3580536
2192835
2608411
1613772
2981983
5306330
1535973
1369019
2291882
1805956
1901390
2965237
4957448
3635547
528571
1830827
2739576
3893754
153341
6530966
315244
2244493
4872287
3830465
1962005
1441898
7525723
1366856
4401963
2237503
295366
1147423
8561424
1501590
2124105
1803525
92043
3105306
2449126
8266366
6149290
687842
2667096
6159119
8861374
177079
8450841
1898677
91026
4815497
145920
2655042
3547796
2647063
1753501
2796043
1792096
6718730
4282747
1912415
2527538
1716620
8146535
3344901
1869272
3131079
2573780
1328224
4954832
2573298
5792230
1325969
1136031
760698
3340201
3568962
1189603
3363908
4837307
2282636
2884630
5648254
147477
2659910
23610
2981996
4614143
1704040
8690523
182281
3828117
552817
1314397
2238537
97167
4872318
41710
3665588
1753382
3874758
191170
1228481
4771173
4297932
3486396
3521805
5517041
121009
2574755
5310618
5967059
5785647
8188160
3802558
1243174
4313249
456398
2232144
2403223
3824978
2413282
7763338
936812
1622571
3784891
3793291
6548203
2849581
1130988
925029
2724556
2545220
1981338
1264174
3596946
7724644
2823758
8557115
9165672
4306355
6709425
4859978
8212763
2479460
8130242
9384488
1566660
5650957
2324505
234011
1832244
6554992
7210157
1357421
2388943
3299130
5252091
3640527
1617997
4442410
3384267
5443289
357135
1972344
317906
1296981
1767697
5803801
769840
4518294
4104872
160798
6319488
5304061
22491
440171
3840720
2727772
2536776
2626032
2547609
7854637
9274184
1798452
9993128
1103056
1590532
5504595
8459105
1483053
1479280
1885510
7701192
4406242
2371230
1326451
1574085
1353008
4292821
1313606
1496679
7231312
2243930
4787076
7174977
4553577
4216055
1663923
4537776
7145653
3942585
1380868
6779035
7932736
3218268
992947
1474333
1987051
4731528
5705448
5770067
7205967
467197
4459100
1454494
1636014
3221350
2194543
2110514
1419103
2342897
1402704
949614
1999020
5946509
5583658
2465595
6804816
1471104
1940724
1273291
9923290
2330384
5956297
1270655
7749507
2792526
3807154
1574960
5719667
2416312
1579222
4348565
1246716
1498780
2300242
4130438
6413110
5569224
2558261
3194113
2492669
5240503
2997816
2320864
4842436
1783471
6544552
2467785
1510744
3971088
278655
1432624
1993189
313437
3156844
1944744
6856314
4407337
2704325
1749290
1609877
1257138
1138917
2515915
2503912
3816390
477017
1553152
5955429
8934
1408743
1934777
84314
6498979
529469
1126362
1257847
298518
6963270
682349
1635835
1586867
2627771
2627583
5220831
2390433
1791473
5839338
4341145
1448085
2225858
3480497
7477640
3284079
5382841
1417720
4730314
2376657
6281852
8966222
2181199
387712
4539050
2279412
3563383
3154548
5585298
1556561
1968708
6328278
52969
415306
3225256
1374686
2883433
9385171
233998
6244895
4258507
1548708
2815582
4395113
1609898
1778756
6178710
7280688
3415468
5439328
8791941
1741993
6822906
3933480
2965838
6603715
5847286
1499232
7479651
1197239
1729862
1851782
4891731
156253
3889220
2647590
6196311
1707262
9273036
8249085
9821864
2477798
4530747
1124243
2523914
2466469
2732047
3426054
234602
5912721
1506928
4142776
1133486
1750474
5193862
6153848
7829411
1293106
2848370
4989879
8687870
5656627
2894621
9643185
1195730
124479
3453471
3753009
6460863
555938
4817291
3449145
8371225
1664168
1459396
1353948
6870271
1398370
4814297
1741592
5949344
2986823
1294860
1150508
9320887
6807035
359263
1172423
1314874
1450746
1717913
9272479
511830
1917658
3183170
1109294
394256
1472733
1345242
9807433
2297502
7537313
7125379
1429276
6989533
1981334
1102130
2638044
1444190
6516789
361881
2703496
122348
4525089
211238
1342697
8242893
245553
3402808
131402
8946862
2794842
3675251
5658787
2962371
1544115
286674
5436062
3279324
2482706
2782959
6863748
960642
1787134
1171943
6596710
1208454
6754176
1835021
5677220
1260423
2714792
8697312
2738688
1277846
1954663
3672418
1581034
5645301
8296433
247999
6139568
5174472
3201642
1869940
2462968
4267752
2433473
2588953
2956188
7483365
125317
5915991
1244149
7203020
1555130
8824631
7688397
3994044
1175492
1481219
3634479
7229346
3446712
9121787
2505648
5333536
2291293
3612209
127034
1634506
9234151
3733838
7868289
2452655
1895927
7330431
3188093
1801559
628978
2829322
5391537
1300668
3615989
9974620
3889194
1829485
2736498
8961561
394785
1500984
1506263
5350387
2733786
3533593
3253543
163833
3782709
2405722
2637212
4181157
4942770
1965181
3974595
1986875
1750640
5455445
1299123
1947183
1566429
1634137
1972865
4346789
4316800
3476362
3102750
9263226
285107
7572309
9875741
1813355
1455703
1941479
2367887
1524942
5480610
1856496
1365866
3944489
5993068
6376229
1568664
1813176
2535680
2698871
2968681
8612041
6445020
1588364
2746205
8566528
2880903
4243661
2529471
2759000
6417867
3146522
190948
2279860
4925588
9541009
1705620
4731750
4703666
3147127
1411530
1822275
4938540
2452242
5827923
1484303
3161476
1558664
1927177
3649022
6134219
6202584
5329036
183264
3211136
1355855
9828936
1934886
6487753
2246045
1318597
49727
1207661
3354077
1303876
294719
5344791
4746452
5582122
3320104
1598178
3507191
318412
1123581
7975444
2972605
6240124
8327485
7791682
821983
1761884
1289963
1676311
5182806
4567919
3398995
2614491
1917230
5233273
3370321
8714911
732475
9968787
1827873
9458459
2122816
3419549
4242944
1357246
4958799
1317171
7419804
2777103
4539637
4427235
1347669
5908658
2401624
7596778
5678492
1952520
1483609
3323252
2844617
5243198
1630603
3458500
3701643
1463110
9800626
9820476
173515
4294212
3428885
1543179
4850361
1497660
7229900
2525425
2627591
2337212
7462844
2345914
2357806
1989818
2456401
5596347
480911
9774379
9475596
3484301
1596096
1112354
1222782
5380252
7934741
2743271
8247377
4773919
7767644
1975584
3132143
2944461
567008
3695440
9919735
3919269
2777572
9805669
1814372
1855501
2985919
1696566
1748710
7965562
417075
2382693
8487784
3687890
4815888
5540400
2895482
1198079
4482484
2520103
168764
4641310
3225958
2267446
3443314
3449653
1907490
2439612
5234723
2643261
1981376
172143
5301145
4405168
1426788
1265757
153847
6350293
7494602
5115214
2358391
1478532
1493183
1317829
2997603
1174873
3339245
5891104
2898089
8552344
7601100
2126047
1772672
1560108
2920405
5965635
5450385
5517550
7409352
4512825
2318958
1591059
2143159
5945942
1377628
2940337
4197784
9364386
2119511
1883488
8576408
3208751
4714817
7637726
5471405
3321140
2725887
5870024
4426069
2987524
1191702
2934496
1772613
4313494
7943800
2786276
5771547
7817337
3204519
6616117
874244
9248860
5794936
642746
5459139
8213275
8893602
3130275
1799274
3614968
2326044
191093
113496
9126440
4279555
8741877
7199038
179920
6264636
4270263
6412631
2675186
8486150
348731
1411565
3949885
361905
4550071
5480706
1754064
1144397
1524874
1494385
4834733
1231511
4957197
5119728
2788683
4997789
5915836
6892357
2355771
3636006
5524366
6659443
5939896
2294295
2379906
4346399
2985791
2724900
1353262
1667526
5250269
2445625
1580898
1753933
4253761
2704592
165396
9109922
1979544
137490
1716609
2481123
1691200
1285422
7306371
1950851
5716988
4889813
2370385
1853468
1611986
1960133
5213862
1786703
1937446
1511700
2644645
9807293
7450720
7497666
2377150
3700041
3897510
7448228
8933315
4312284
4447902
1221359
5303429
5442415
7130655
1493395
1668537
2992156
2450520
3140667
2300885
1311090
7437020
1991779
1226293
1821352
2550639
4675917
2794196
2715916
967270
2943665
3360092
3329405
1219022
1778346
1922652
1176048
4362029
5764279
2266386
4626452
1886788
3585538
3733642
1634935
8840074
2806051
1182679
1895818
2210253
3184890
8370344
4624766
3186049
176434
9991517
9542811
175342
2919053
1226737
1612177
1389768
9786638
8713849
2916789
6914937
171941
5139202
3852210
1879834
4770909
1177902
1910997
1955655
1971997
1204663
5780614
1538223
3705773
1321
3937375
1803239
3819467
5547039
8486507
3910720
1527554
2625128
2483239
2872761
2640771
232465
1108177
3887951
565
1684727
877354
6230556
7796672
2156578
1326333
1386625
3301563
4217106
1755446
2519133
4150829
1117227
2181847
7154722
4287361
223854
8823868
3988451
1555451
5252639
1720458
2354613
1202200
1729525
1506748
1242870
9653788
1134360
8423016
1266988
5261493
6700684
5378738
2893044
6659527
2120536
9520381
1433609
7386383
1771322
1584158
5445024
3747204
2135480
3124176
5857754
9420183
8885421
1503585
1545353
1504353
1263135
1671159
3568045
8262760
392646
1177086
2760273
5218914
9430940
3286917
1164808
3375096
1892832
8361656
3878403
1965276
5245798
6520315
9690405
149970
7151558
1574735
1682505
1334605
5876535
2888530
1617573
1247780
5477531
3300702
2574152
1669131
3519503
8408515
8401220
5793458
794319
3143946
8880440
1302950
7160828
1255690
9507886
9852360
1470198
5626836
1951963
5990120
961581
1658904
1843986
1924227
8105627
797748
1585791
1692912
1388732
4875891
6224339
9443122
2652151
6474002
1570294
2209926
744465
1198894
3722862
6648544
3688886
3233284
1285072
5870257
4857060
2765126
1599084
3497177
1128606
1307112
3434961
4514856
177486
1847911
2292221
1874543
5802307
5745839
8898086
1798562
4710219
7304819
6241887
4888117
3201693
1377413
2696831
2142024
2367423
1805138
3139905
8119851
5260727
4786253
71880
7135434
1198940
2186686
47588
6257297
1720895
1435478
460597
5214465
1201091
6540322
7182333
2752573
4929108
5729085
2910183
4690530
4267321
1732417
3114700
5347033
1225285
517679
7175039
1575952
3561509
7245973
7341735
2196689
1711225
9403407
1897281
3307468
2530763
5421502
3448180
1800599
1474894
385826
6668835
1945896
471102
3681529
7914326
1931130
1817665
1977200
1798270
2961809
4938341
3836387
1948333
3811845
1261052
6502458
195036
1607631
1337247
2389219
354414
2984621
4949602
1271505
9106257
5512021
1930280
9808881
647335
3428749
1337506
8346464
7914044
3343487
4607366
2281953
2770971
3734617
9432853
4363796
2437532
8565617
3861150
2913724
6651830
6219648
6446692
583482
1795355
3578332
7713692
4652927
4194230
9260060
266587
4177120
1855961
1985368
4771641
9898436
5287998
2481522
2184638
1808470
382693
2500312
5718133
6437411
6831280
1996730
370908
5808827
8350582
3453719
3525081
3968294
4448345
8304991
840707
2455058
6770780
2408573
1206847
5687688
5478076
5702315
1129476
7270276
2964659
6107268
9509339
3436920
9686255
1613427
2436435
1855222
1374943
9118163
2181003
1392024
7324647
2533207
6606681
2265563
2723185
1434291
2262552
4857589
143161
4919060
1561810
2145145
2895251
1269216
5633573
2550633
3674178
8919555
5791381
1904064
8481211
614663
2437338
1968742
6811015
4126948
5150401
1957127
767352
4345247
1675477
2136304
4387342
1602789
4229913
6960651
7461394
2827671
2479284
3322180
9524312
1454324
2399322
4713018
871825
2145640
1836508
1355239
189227
4280005
8890957
1206248
9757306
2731668
9993043
2586897
1229108
2504502
1566656
2370841
4179633
2708918
65439
4542723
1202678
1940005
2382149
157469
8322772
3276014
9875408
6904588
1407159
2272160
3835510
1134828
4884
1688839
929132
3736620
2753208
3896626
1166499
5911755
7818026
468961
2575663
6319995
1861289
1591195
5370361
4895426
4532611
2407823
4558253
4399196
1973020
2662054
6898054
1111254
1786801
1546315
1994481
2738265
3837858
1437361
1588924
942105
186197
695288
1605242
159357
216468
2100130
5311069
6202534
4795138
8456468
1384451
6581182
5975243
3936261
1969409
5782119
220941
8598269
2694003
756301
666514
5573529
5136287
1411396
1775557
5571525
1754688
1254745
4133120
4547792
32279
2518549
5619207
8173105
6241088
171452
2821998
1467504
5785864
3827512
2167623
849602
3392500
3360892
4116127
3882361
372624
1133854
954999
1180439
1978132
3103554
3690437
971517
5457862
3246477
2672300
8105230
5198908
3251459
4920241
767992
7315661
349921
2268651
2438861
819670
3168767
2636351
1597024
4140364
4167084
1398695
2539763
2636122
3355160
1171206
3633383
1496895
1810911
1489569
1934104
5325642
1284009
8147907
2365382
2418189
4924924
6924500
8142296
1632436
7183177
2769343
1310657
3167879
1667453
6952262
3668212
8296998
4137581
1469671
4836200
4315302
8555625
1766350
1624026
7747023
5907788
1821105
186656
9513943
1459775
2871519
4571303
442015
5955620
3656986
2410371
4399387
4778641
7320604
1721487
2684082
1315463
1397680
4349414
2520616
4930985
38024
196856
4329648
9181868
1712317
1576334
4247434
1572774
5660344
9972111
6424445
2439904
1342052
1526774
2364676
3689472
9446611
2173440
3325945
3986386
3192230
311732
5310891
2850120
45238
6400109
2350917
8780445
7595303
4877292
1962185
3519439
139903
1457677
4355388
3506942
2237617
3937288
3771464
3450788
4781437
6379126
139451
3824087
4946625
9442044
1712381
9702360
4624334
4491600
1841963
1912466
2182452
2417666
3735211
6367591
4688036
3552682
7567738
1423626
8356695
6212269
3109388
695329
4800978
2532850
463938
1381618
8904102
3305989
887221
2204132
122509
1410974
5346905
3656323
4352221
1339553
3254092
2655132
1971827
1438004
5776086
116056
4944753
2329091
48811
5697770
1660840
4710044
3983732
4580627
855977
9358324
2785547
2816791
7998537
8621251
2718762
4607234
1571393
1760368
8494627
1590851
1157060
2826805
1466038
1843009
1371270
1272087
38406
1595947
5873162
6486643
3547315
2953199
1177075
1276442
8139304
2758724
1983736
3768613
6250991
3871792
1178273
4445917
1686372
1552387
1362053
3354107
9346122
1792845
1140686
1784705
3141025
230977
3522962
5225586
1514772
23588
8666651
919247
761632
5895559
1665339
1443745
2811521
2877796
1825934
1550465
1971225
262455
1188838
5734305
397485
2296627
8112288
8439289
5360518
1474017
2259811
4244113
1334247
1676081
1966199
4391029
1598074
2395218
4441291
4651920
5888202
1188151
184895
6964230
9981893
1157343
2947291
776537
1788118
4135498
6371442
5713253
1300318
4576082
1112141
2696615
7495703
1568874
3948087
1557694
5114239
1643554
3870047
4952955
5334835
1940044
1358724
3883664
2817483
9842328
1218789
1916189
1256928
1703983
1849770
24903
2746244
1995418
6678759
4571605
5503468
9353968
3235341
3178807
2906971
1898026
9206079
2104749
1206574
4110762
1723088
1742749
1725451
1874181
1601055
2858212
681091
2975327
1832370
7376791
3581927
7241609
1228760
1527919
7140263
1424849
3122130
2598152
134492
8598186
9941438
6225683
1555430
3586633
9881533
8676439
8588671
3317610
8990653
2273562
1202192
6396727
1160275
2225738
3801779
5250938
1412817
5486504
4412292
1542597
9804672
1223033
6551004
1787622
3854888
4269263
2226879
3922833
1163346
8695902
2459842
6686586
9810030
3350878
1909317
380534
5912776
189365
1240992
5302983
7887371
3982546
2865723
2317810
9588048
473624
8459523
1316688
8740088
1752376
636616
2516189
1685165
9366061
1461262
2616621
170703
2692165
4856713
3729317
1194529
3592538
8720464
1464063
2508840
1671479
3601161
1539297
1358607
1826838
1249007
3938832
9371836
3866259
2545606
1372643
3100630
5353532
1388000
1652188
2376639
565938
5199260
199279
1736326
5244474
8731230
1801717
853390
1709799
249888
390739
3593223
881516
3418517
4902184
4886126
7884943
2411230
4215476
2796898
5207716
4947082
2189164
1773968
3747540
7447344
7176212
1161551
2233901
117070
2834431
3466422
1739840
1918801
1820640
1436567
1882456
5625523
9267814
1292809
1946916
1295808
4960570
483392
4868171
655142
1264432
1428019
1326475
1381133
28086
1749021
8525825
2806844
6115254
3826516
2849071
1594507
5201035
3956136
3280909
2609356
2766226
5702914
1926575
2552100
4174196
7166680
3144509
1217319
1816730
3565216
9180347
7236335
8600712
153655
134210
1871023
1206411
1679336
6220140
5816102
3230283
1746671
7910029
8597480
2626725
2338922
2971226
2841719
141854
1732901
1931034
4655175
2277418
3316654
1390269
4114834
1426124
3622428
6363238
3123736
281641
4998398
2847070
1865162
2336707
3721659
186284
1221607
1267842
8555045
1366351
2127407
3681473
1966355
1313384
3988876
3431449
2344548
1607502
1240518
7441463
4710583
1786678
6174738
1821123
2368799
8877087
6686980
8243285
1355546
2223559
1230790
3129491
8240492
1114876
3925889
1354785
6246893
9909245
1289643
1558622
658063
176390
7908918
1995217
4198251
1555475
353600
9978201
3880563
264926
7285501
5689883
2977393
1507758
1799985
2874233
1587456
1952441
3328841
1150446
6638598
6544686
7929095
9213353
4693206
5977506
1866412
2638079
5425919
3380536
3474078
1303628
5142156
8380755
1292159
8904755
3238725
5636996
1593139
2829818
3810184
1297828
4937830
6625394
129141
2563835
1377459
953526
1839391
1953322
6801130
3289467
5882257
2363001
2122000
3121210
4477418
3301047
582154
1948524
1534989
6579313
26071
4488542
7660061
7928399
4722602
1908793
3996653
5898746
1827586
7121231
3860040
1222222
5127363
1333108
564580
5480739
53750
1352720
366714
2586709
1622204
4641331
2517436
6991346
6722973
6212078
2258603
2868381
2681972
51645
3554931
5983409
140082
9768704
1309746
1978754
1289974
8128820
1499232
1835324
6618103
2928547
7611626
4411656
3422836
8193216
3224383
1350577
5799446
559977
1892254
2447660
1629574
4633588
2886195
7545837
171271
2100657
1958664
2823424
5538881
7864423
5836601
6782675
1437521
1172147
8585164
2987622
3301982
3570201
1441843
7188294
1248881
1499578
3565251
2251673
1415246
2752816
2704297
5103416
3788233
1942187
9245868
1941100
2730487
3608847
1951524
1270342
4610857
3632389
6614587
3807440
5650139
1948844
1188929
5865612
424441
7561193
1236893
2142930
1237706
6899745
1893687
1514932
2107701
1629293
5335066
1177601
4621868
1199704
2971736
6164147
349019
3325769
7546535
1304172
2582833
3564438
371439
5560215
349214
7977556
2668266
9204733
1593361
1382632
7112198
1215213
9851497
6476823
8687549
3798159
3577112
4531502
1989010
7364494
4364957
1817841
6628440
1249431
1671177
120142
8811157
1305305
424690
572887
1848469
1810982
9276934
9588230
1733655
2839671
759539
3986920
3416552
489958
7710426
3731801
8358883
2937206
2328682
1315191
5964085
7561993
3808189
1302963
5487747
1635645
2887572
1845103
487792
3651316
1233408
7176770
1671346
3439432
3166607
5959639
2108504
2165516
356091
7189082
5829787
1952323
6287073
9304760
8286253
4530766
2857389
1215694
6797611
2192420
3341213
1186683
1831197
3761385
1348331
4898194
1564649
5182909
3788981
2413795
1388377
4246399
2172514
2605160
1710770
1334131
1489933
1889888
8543997
4252100
3435489
1103297
2786306
3955374
7866579
5270693
2485582
5640527
4588830
1898709
1443787
2255738
4876437
1735611
1186923
3508236
3115322
1419999
2472542
3904096
660512
2556433
6571723
1756571
7913587
1674022
1412455
4675785
2239864
3770855
1791707
2975608
1572005
3112425
9476806
1991755
1127088
1641512
2437251
3205033
2612105
2797476
2237480
1211828
1890
2612799
5773389
3187785
7328271
3897748
2718969
4268052
1556555
778744
5741750
9215284
1358471
1702353
1707797
2470675
5512227
2780284
2277570
1482079
1177787
2510194
3916462
8121132
1955500
5709231
5682382
2643140
6607425
3176377
5756619
1302177
5714034
1185897
1505369
7136398
3379216
1930968
2824824
1607811
1633664
9151290
1816389
5590965
6900789
1885035
7500556
5357584
3600696
6427435
4585134
7752536
5424364
1647001
8545358
1354804
6216462
3599573
3468810
1665185
2843207
2591466
1101517
1804961
1273824
2164857
5817162
3628485
550017
1787000
3805119
1750835
1836643
2485404
1742539
4720011
1393724
5679446
9600770
9387031
7341588
8577116
7301959
1214373
975844
1836285
1722079
4468455
4648379
1308918
3474008
4864506
2657993
1660088
6664938
2344449
1915457
3687361
1140564
6861113
1217608
8548901
1761587
255107
7642625
261940
4868660
2806966
4466392
1505785
4202091
1372515
2140526
1659930
2299640
1773557
2385805
3993658
6917848
1550435
1111799
6660112
1258482
1677528
7378568
3876798
2808345
1333837
2206541
5527422
6967102
9207791
1971396
112394
1932223
5351710
151801
154036
1551656
8631821
2851542
445778
3937787
2342116
4125496
6286002
944350
1410667
2457145
171745
1480278
1987521
3771896
6574649
1424571
5863581
5796908
114630
4872724
7253728
3191442
7250593
1309721
9942719
1347262
2346979
7804764
2288457
4453756
1512248
7206316
3967881
621614
2984138
9809707
1447760
2567800
2659243
9330438
2823317
1502119
3708975
2708159
1224763
3265744
1257447
2700723
3432546
1339628
2105850
9968266
4390628
3372412
8717600
829375
5476497
3226798
9674364
2278733
5662780
5338947
1800956
1631048
1766588
412150
4522977
85402
145587
4242078
4439234
1366824
1855367
1485526
7120276
1359678
3976377
4571617
7606094
3782936
742320
2855379
2902787
8233166
953915
3548452
3482309
2364119
5701241
5483770
6627930
5869348
4958930
3573243
7720212
3282286
1846977
3871105
7596905
1113353
1764720
2590030
3630235
4927412
4488575
5815006
5152133
1534121
650016
3846193
1941130
4158934
1144874
110032
1526596
3751889
8183473
8814475
8249553
3857706
1794783
7727544
6749350
342407
227307
268281
4176780
5818963
2649193
1205703
454182
3840479
2521110
7148966
2895638
1278536
2372774
2707427
2715705
9165424
6946665
1761104
1330098
9270054
1117303
3389525
2261141
5454251
341797
5666813
9637314
3148286
1872379
4364103
4961376
1929897
1832395
5613528
2203973
1556710
2277535
1789489
2421408
228307
1332646
2436809
3522457
3396305
1730050
6406161
1770402
9587196
1618785
1479389
6308571
140918
8253480
6146417
2560742
3572350
1396347
1749060
6345298
6888906
2751855
7372006
9883201
2605804
2360853
5937990
2948910
324073
2443716
1683736
5889394
2726906
3551667
2673184
1565811
3318785
2130107
2252008
6152620
6427410
2159450
6564602
877063
3984950
3105809
114206
7272076
9994630
4375200
394125
3197189
1195690
4649172
8182811
2321602
3305264
1612854
3661959
3863707
370676
3917244
1417930
6482294
2726311
1411254
1853310
1282185
1837201
3201046
2337932
7465579
7474964
1613508
2661272
9310162
2196245
7477308
141775
6427093
9471804
3532137
5427196
2131821
9976401
1294271
1597400
4192684
1620484
3733567
2877642
3231511
1746911
4105055
3508764
5476825
2987474
6203448
3670849
4342640
8743508
3514656
62813
974306
2103679
1901446
8208028
7907075
5609430
5433612
2587239
1135135
1421273
4428630
2357603
274181
1587476
6384844
5999680
1970744
6412788
1838496
1165664
5979678
1785301
3572353
5490516
3511541
1166536
1619686
2697032
7457920
2321151
9384663
2642243
3895330
1127379
2298350
1777538
1461056
1409779
2613228
3915858
28276
139201
7290269
1367270
5709591
4635575
3825886
4274275
1256921
1327550
1767240
4425814
1933422
9814970
6158685
1810188
2847561
232597
5105672
1161062
5212626
5478684
5224148
5547079
2818689
3256166
9158478
1306480
3799874
2457113
1203691
17052
66476
4688593
9168232
151308
3107116
1728296
2725032
4723680
1766370
1863790
9432662
665731
1259372
1428612
1507115
1856015
872808
1934767
4310418
2374281
2104536
1989351
4645052
1888140
2516189
3701716
6628072
9448739
3221039
1832076
1855181
3154421
1635588
3865163
1196411
1895795
1128970
6245783
3193835
5452454
2665838
5234178
1437011
2495280
1582273
1441180
1901653
3457879
1966322
463487
189012
1228767
6203971
3630836
2421401
8876598
4450431
4390013
166756
3687357
1883273
1838029
1132284
2892778
5452978
7937694
4467791
1858283
1738143
1771409
6303626
1197065
2759373
4421681
443000
9131063
5668514
1699018
162063
5867748
9301361
1397681
1453685
913077
1931774
2909673
9805754
1708424
4256149
4935902
3292871
9451016
7634714
510231
7599765
8416140
7826256
9723102
1195872
1494210
198479
1718984
1573247
2594479
2823051
1488359
2852707
1269263
2704505
6321873
1761039
2440951
1916061
3629928
150651
1927506
1824928
4554135
1750475
3224390
3229832
8585077
4826006
1528182
5380432
6285884
2546600
5644367
1535901
1887336
4970677
1632213
1704679
1771240
191271
6645165
4982741
2749885
7579771
7927324
5865201
1246329
9255547
4255728
7263316
6355562
1914517
7780961
7786647
1540614
122522
2215599
3633643
1215003
8402534
9112010
1413366
6368589
1950603
3779787
4650347
5908229
2978821
1630855
2626803
9693587
2364538
6345951
3219722
2246299
1811367
1992837
1499025
4498022
3149084
1993171
5619974
1370051
3640159
2647455
3857839
2112645
1888810
2827650
3471431
2472123
389884
4691031
6257231
2323450
412898
5115671
9571661
1396876
965799
4305365
362904
4939590
1976399
4464079
3705922
3450840
2489140
2909665
2111417
1170167
3155427
3892867
6605248
1766890
3547908
1747442
2548937
553644
3160023
4162213
2639490
6661490
2277165
5715282
2898636
4540877
2402627
3674400
2333902
3955225
334730
2348797
5777278
9838294
1953108
1308763
6733672
1973798
2105152
3806442
1588083
338615
1112593
193675
5905764
2428628
2881376
6211686
2893322
3424840
3915201
7269159
9839519
4195789
1426351
2626176
8877638
8122914
1510581
1611099
3519260
3185486
42816
418311
1914683
1708897
166545
7677646
6557860
1611722
3420814
4961790
1532204
8225509
3642485
2825880
8138047
1615950
2981340
8335898
9892484
9133369
4648402
2133692
3321475
1555122
713928
2357602
3188774
94110
1836289
7294168
5287213
1479615
5977827
7477635
2900679
5651445
7746225
7805887
4115306
1544079
8803949
3758133
1697316
1227138
1464215
2956630
6730437
5982424
1358206
1813651
2969145
5207995
1299828
5885341
1653280
364591
8228154
5773425
1988653
2987421
2578187
360488
6435671
2220595
2271361
1410008
3985692
2610936
4629716
7979770
1757737
1353642
1759513
2292541
5651578
1609194
6453793
4196353
1456092
1233200
1746969
2454260
7317811
6244572
4807433
34810
4414532
7890753
2904052
3525246
426166
2152919
4534695
2549242
9965757
2174936
4236965
1940362
4644879
2783723
4787530
1196810
7346091
5340123
1115545
3366119
9779131
4846506
6667861
5176652
1609661
6720547
473038
9145054
3656413
1390646
1833990
5657754
6648289
3908031
6845663
1378637
1833001
6499772
926045
4227146
4420598
4798313
559843
4465216
2244559
1697933
8686339
6716890
694576
1772096
4287680
2223663
4651557
844277
118567
1447684
3802157
167315
5696125
3883999
2968388
292692
170820
1626919
8650596
2400927
142165
383226
1993758
7573293
4226167
6278526
1291840
1173887
2713067
2655632
7430279
597296
7862660
1790302
621854
3199713
1428360
1434436
3427362
6556670
2105637
2398699
6506605
6418424
1148051
7790771
143880
4388241
1108281
4892785
165088
1131653
7705826
1415306
4482724
7724689
1922343
4746201
8949820
5717800
2638525
7830590
4989229
2172561
2576776
5368215
4839083
3626921
4603693
154039
3794603
1480153
4836030
3788218
7822333
4616458
5713533
2738205
453978
4567225
3281924
6445686
3469814
9261954
3260810
8263201
1974392
1353984
8516577
1308275
9835929
1683094
346249
3645138
8616178
6198037
489276
7201359
8896542
4903417
2733798
414810
2348913
5212490
1973969
1722649
3669969
1586785
5146864
4512585
6270926
2917073
3372174
7487998
1837639
1338742
1108024
4280938
1583766
4233424
3747284
1261450
1128250
4162994
2458042
1271469
2256388
166830
4501885
8347962
1525987
2604945
342412
5901782
2883799
5217606
7961972
3211689
6409649
2193119
1730191
9863711
1428864
3671034
177945
1512533
9526851
1904114
4987795
2735046
3795051
1118045
4150411
1948847
2854819
1715501
4341826
1520435
4204488
8110310
7118147
7144121
1235326
6199553
2486255
2573826
6215968
3482269
9548671
7741927
4413966
2576976
1684458
3527054
1430482
6672879
9678109
2204859
1316769
387704
1418272
5411677
4836735
1985956
1983968
1685072
1955685
6388929
2918930
5707350
8631417
212040
1301284
4879174
4342813
1788391
2926885
1335651
1932632
3202110
2968833
1820760
357608
2385204
5673560
3659549
9184855
1264720
5845195
4563215
8968951
218079
1260181
9694230
5838140
3688325
5936668
2591404
1687071
1829019
2338965
5749113
6938471
4273412
1403372
8118518
4290658
1962546
8505293
5901938
1476426
1910158
2431852
2242239
3393412
4482597
3182126
2926109
3279812
6527144
3768774
1929788
8194172
2124368
9790720
3191496
8513261
9712292
395840
1636927
1499749
1489967
5291620
2391363
2817115
6485470
6230597
2146016
9686549
1460525
2278457
3894105
315851
3953435
4514205
256982
3858368
1796935
1304114
1945363
2450643
354211
1360610
3872492
1856492
5498164
5592688
3710835
1144037
1927425
2527933
1934332
852683
360523
6269627
1124666
7331566
9451014
2810737
6928023
1818749
1122778
1613510
4591487
2653852
2914331
1753333
4774207
5874637
964173
2916205
415143
1667654
4232760
6418908
5785150
3768598
7577282
1222808
1789293
4188273
9380884
8875645
162856
4433334
4672470
5275425
927264
3244203
2129514
6761461
5782290
2399705
1842384
1931291
1529886
15817
4231184
7891524
2562076
7679166
1977275
6997190
6586983
3816128
5674057
6758850
7266934
2986221
3648935
5430826
4984504
5284111
1640563
2341060
7634833
1467385
514662
1808515
2708451
8817749
3334707
3643021
1374897
8381610
4283753
1773985
1370317
1336880
2743872
2954756
3505246
1294101
1183085
2639953
1395948
4405967
3998443
9592939
3683176
9823977
6438657
9590010
1827789
1715839
116838
1648340
1695381
2399962
1763602
3107107
5168289
1142679
1871955
1787106
7607840
4996112
6173866
1237465
1703003
9146924
1675445
6165229
3859056
2207884
290678
5851844
1299635
1203938
4799724
4510868
3750342
2922093
1390397
1748076
1501430
1788817
1974633
2310974
9720912
3489598
7818124
3762002
3959565
9600518
1226429
1554961
3167012
1615814
1241477
2754796
8519148
1297155
2683928
6695998
6994372
4665211
2100233
1122052
9583572
2223524
2142640
463453
4294477
3761666
1420805
4341392
9993083
2734818
4969243
8706766
2591526
1648878
7696126
838634
2186555
3144390
1221383
9583084
9633848
3507330
3334610
110591
842511
1999570
6876445
7431890
3176962
1860109
6520783
6891418
1598388
1427513
2142947
2771724
3502777
1300470
1481734
2592375
8789283
1946338
1867840
2552555
351466
1436155
9853373
6361945
4728692
1452717
1256380
3870606
236731
6620084
2100578
1782763
6321040
9598763
3612152
3394269
6632164
3695207
5289962
6308213
1750985
2458092
7694440
2797115
7124536
9892616
1121690
7662537
4465273
9848163
1794436
1922846
155303
29014
1217229
4952456
7107353
3198313
1571936
7536249
9549925
3472425
1840532
66284
2138870
4490697
2432761
460823
3755092
2421603
3956131
8611705
1184927
4207974
2772840
7653165
9367845
8935163
4287531
1896056
8922258
5634715
478378
1325853
2246396
1683932
1457389
3691089
5498334
5560868
1336548
1618733
1105188
1879643
1607386
2443773
7880133
4313751
382472
5511010
654855
7260888
2828794
3716912
2620301
3848585
3911398
7399835
4201820
3711445
1357573
7127764
1583210
1869604
4919881
1900728
1905635
2535602
1653241
1757266
4643662
2272433
4168066
1437666
1378515
4693562
4792954
2406471
3564043
2809736
8745515
2817670
6385403
2750025
3649371
7891509
217316
4844047
2394455
3561604
4296410
3772765
3507777
1120832
1980704
3293076
3706446
7879325
7558168
2390302
1703699
3370554
132383
8852916
2811210
6269495
1511278
1726084
4256921
1208078
1980076
4780043
8412779
1751913
3561535
7109973
2503811
241586
1937301
5899113
1282461
1535866
1457216
4155455
517866
1703480
8685269
3193712
2210583
8201929
2556797
1742611
4883910
1131536
1612831
4150053
2555355
2994460
5970022
1508126
1376667
1410356
1728798
3474279
654359
1460760
3420909
6693992
73079
4720471
4722362
3732539
5188054
746050
1718025
6955523
1255419
2160576
7760550
2889030
6518923
2525676
110194
1393336
1546587
5739891
1700268
179205
7240789
1205248
9159431
1867568
1703432
1920311
4446618
3745919
8748144
7517928
1831729
2536033
8529859
1758801
240580
3693884
1521097
2156297
4899952
3275468
9517640
2256187
7714133
1544000
1237322
3318584
6147254
11990
1385838
248367
9790660
440179
1519546
128860
9435685
7328176
1953953
3856358
1632191
9476384
3964821
1902111
3620637
9167847
5125759
2184714
2735176
3939068
3747816
2127025
4858349
1180496
5320110
149142
3331036
1838357
1784879
4663010
6590411
175078
3371050
399672
5642194
1776144
3277632
4704494
2269677
2532514
623013
1177749
2283779
1581861
7160758
1104969
1591897
229425
8746260
2802626
6730978
9721362
1803949
8159197
5923944
7581813
253350
280221
1821356
1179763
1938582
2162058
1730420
3394264
2237219
1348476
2965699
1553244
335488
5428975
3740687
9213414
1968750
2888552
189372
1605667
3715270
1523489
1984856
1553845
6540242
5128671
232699
7429134
4739636
4967605
4124517
6747980
9525339
2542143
187288
118709
818232
5269641
2245697
1654088
3565579
765841
7788420
1280339
1413810
2576858
1442137
1366576
1623627
630732
1571504
252649
1199312
1383625
7417090
6471710
2777086
1294146
2676907
4476398
3898435
2387740
4671996
1727548
1336342
2626888
1206210
1410681
4906608
216225
1690731
1635968
1815500
7667786
7403625
4322989
166739
9554634
1150733
1922709
1257719
9414148
1201962
1644533
2794276
1470544
4390664
2351555
3545888
1398513
1582781
5439782
3448826
8551070
1356820
2280959
2655972
7442784
2383732
2498126
1602229
8570678
174762
1209655
3785743
2139074
4649640
1355604
1394581
3663816
4852917
590656
4623798
3174673
7314696
5166862
9156323
2328039
3803270
7875096
5856686
9907921
1359020
935414
2826444
1168819
2298726
2279803
1508775
5941237
5767549
7763551
245828
1762162
1578642
2685012
3636029
2640453
1777862
8792144
2936185
2472937
1660955
1972035
3845027
2184499
2156714
7392061
4743072
1253099
9696475
4453019
6757593
1630824
3426597
1539788
3734331
3253078
6502454
4732676
4621986
3420552
1954938
4842579
3804303
2188165
4701994
1110257
1798840
4795063
3375350
1588875
3813099
6645795
3409894
79430
1353541
1543812
1574405
6218599
1634126
3100433
5466887
4730926
392323
5776612
9684518
8560299
5254031
2175679
9551026
535965
2210699
3723280
6172563
7379920
2375922
2616213
1859871
1595625
2655429
2641965
3339878
2490828
1150676
8854150
3687530
4122729
4429551
7884346
8185397
2227639
1551034
5326103
4187166
1864201
7769889
5496414
1650227
1253012
651929
1485747
9239844
2543488
125345
9771722
284957
4486620
5587458
1296373
2782798
724947
2902589
9752287
1275937
9361741
4492807
4824902
7332990
1608391
1408220
1964580
1127273
3204087
1334342
1581250
1437762
2716116
6685823
3479453
3973315
829173
8581933
2186806
5377747
1375273
1304986
8445378
2389523
6988859
2487875
295733
1945299
1949304
5952544
4271167
5822722
2889682
4549884
9777064
1344996
91830
1192219
2763915
2283074
2572600
587426
156245
5208516
15948
2549982
597611
4860220
135811
7125226
9933000
3543040
2539208
7543951
4441378
4582706
4306166
1111754
1136672
3179642
260195
5903962
2144177
8150212
296333
6424326
1360181
1134504
1627582
7406278
9368119
2800894
5760256
1802809
17587
3205949
175876
2275087
8425308
2726773
1687702
9597357
7695879
2459324
3150434
1373604
3569281
3243269
3324219
1559413
1291042
1836252
5448565
6491446
2422135
4308624
2717374
1363892
1268146
7576840
6885208
5273517
8208356
1401434
7420350
1895112
7294762
7125870
1125611
1155220
2831700
2356327
3240319
196018
4776904
2208810
1104617
1839050
6649058
9731530
1469563
1817276
111119
4397843
2432540
5433101
1714376
3117800
773247
1910033
3492201
131191
4363551
8360766
8544597
1537786
58669
1649520
1620990
1770268
2246230
6581165
1673100
2387224
2837276
1734171
5958389
8320574
9594275
3515523
2486541
4431008
8502719
4921385
6525587
1516597
2214991
1353679
2221450
9593815
3856551
3903677
2428162
3461397
7708209
7512718
1211584
3840665
7185539
6776477
1816491
4106292
8960205
3266100
4467419
298825
1701505
1828652
543801
3635331
1994710
2687042
120513
2172609
2799177
4870221
2498096
2270557
8239841
2604581
9179338
1384147
3418597
3607157
4202368
4930822
6269881
4983981
3517360
1222390
3475930
9550637
9377955
3880040
2325565
1132045
1646984
1618495
2628281
2933789
1702590
9266369
1945434
2355030
8650443
9914310
1963711
2345176
894846
2771875
4422726
2835353
7482764
115208
1698618
5107346
1977274
678780
1184448
2247453
5180264
7332225
1815628
6989055
4151628
6291732
9171738
475605
6995820
121703
2310675
6918692
3272852
4178341
8816601
4686366
1321870
657623
9121509
1776554
6130463
3429832
5581565
2204777
1532245
2781541
3953290
1749602
3443184
4633610
1689640
4372208
2314329
8489579
1930311
1952
2208369
1765039
6810745
1540652
9413996
2593406
6810395
3403223
7232832
2825853
5750830
2397986
432691
1867696
7953439
2931024
243657
2406000
4203276
2846110
1649105
6633106
1886190
2140054
1629512
2703321
4662509
290723
1593731
2228004
2719110
1399070
4709919
8318294
3217333
1300623
4141047
4281848
7620029
3856508
1817821
1655172
4194223
8192569
4268305
544974
382619
1352212
2506230
168807
8643268
1654781
7873175
8572874
2192178
1277413
1366584
3933524
3689435
2210302
2824145
2921147
3420341
3359302
3554766
8281797
2976214
4277462
2121509
6872805
3933901
2547568
2296821
1201644
1716977
3761198
3699404
4604663
8886091
3717159
6179837
5299270
8875002
5552736
1325995
4445938
9534929
8624039
5753977
3272334
1573690
4440250
7576511
1999441
3202570
1269946
150731
1329222
4560217
3603037
2373879
3377926
2960825
1530682
1536006
3671565
1587707
8809617
6631810
7868223
1983300
7266574
279958
6139009
6928465
1999109
1291365
556085
3946499
7944545
4989544
1577852
1536543
4631844
1638590
2626576
4353896
1685860
4213718
4679570
1534140
7561731
7464943
8387570
1456375
5758775
2180883
513788
3193366
7396591
1285312
2826840
3770279
1325370
3895132
1142914
4727721
1842074
3777831
3894958
9648584
2855158
1845095
2266918
1949521
265390
1333392
2612158
4900819
2945746
4561042
4502900
3718078
1164269
3188057
699142
111953
7403691
145573
6394434
2151602
647158
1971484
5405256
1710261
1999222
7357604
6235678
3878626
2976180
2679859
55420
4135270
1858828
581723
1793858
1350583
2658542
5258075
2222360
2111811
6880830
277711
4210126
1807982
5792787
821728
1232661
683681
9502566
2539806
1266664
2368713
169653
4934370
1581612
6312234
5488411
4106629
4714975
3337488
2615180
1662977
3365473
6447570
5748451
398058
4746456
1588358
3739822
1993342
1329255
2605372
4286012
1691253
6544909
3115705
1168753
2861586
9962941
1762328
1586366
8460084
2616610
6635270
8216206
9513542
758845
8339079
7959321
1872703
3320635
4172420
1514972
7274374
2154707
2846205
1212067
3275194
1589393
121113
5191042
1762949
1869552
3300466
4735721
1400496
6255640
6200565
1225762
1925171
2266835
4732649
2286829
2487709
1162846
6988583
731388
2238322
819233
1627164
1384166
4285839
638691
1568382
9244520
6934881
1149895
2863893
3316744
333701
2153113
4977072
3503772
5835073
1313324
3488658
6851048
2880310
2832518
3281568
4615020
8462845
3381599
2611050
74711
1163550
2982919
5506487
1655203
6949881
4636350
877511
2947964
5812396
5696968
4197438
512429
5594146
5105115
1453700
3211824
4247088
1376752
2602705
2983810
5376508
3839156
3391696
7214816
67887
494952
2565379
7120003
730864
3544346
6223107
6887471
193849
3354399
1736103
5704899
4890312
1963841
2470823
3855028
1777334
4142164
1485884
9632721
1991570
7738578
172071
1758621
1802367
3100224
1919247
3666625
2772944
634508
6226637
4646161
1267519
2854156
7171838
137578
5133567
1710705
1476928
1286139
8170473
1681503
368109
1139357
1180067
5617632
2349264
4912629
3688892
1461771
2848822
8424299
1280631
3998152
2703597
5252685
6521923
1721889
2153959
2482400
7828636
6834941
1894429
1217492
2189167
1680757
1709532
1756892
2799558
1958288
499811
7747693
7867214
1924506
2989611
2388753
7403741
4278848
1768273
3698308
4745455
1979266
4968681
5559699
2703383
1165488
1293421
8882619
1344751
2500835
4325929
4265849
1948559
1268595
240873
264942
2577071
4936123
2768388
1950544
1804492
43234
1482927
1819747
1666994
7526232
1455036
211918
2929783
5174598
2318029
6761733
1771006
3282702
1338580
1909872
5253636
2943245
8855976
3187274
1777044
2906646
120130
81710
3795102
1106243
5401402
2506109
3259335
7370500
3414573
4349466
5535886
1902642
2418568
1772006
1554810
1952062
4317390
3448555
2737922
4339931
7692236
5471269
6114431
5430357
3562189
2977654
2727227
6266495
3573645
8874122
719478
1136700
4949042
3961192
3130786
2594673
1280068
1404148
7720834
2459379
1212703
4612500
5221543
5436260
3764074
8284982
2597957
3227355
215560
1179797
1318196
1659612
2406630
2498747
1635122
1703439
1804250
1522092
1871717
1832280
5197601
6184463
1193624
1877572
4867267
1770066
5263412
1858237
2321452
3584975
1302200
3840994
6891539
5871473
2197201
458088
1994434
4321203
1661949
5871562
6357291
6962405
3934325
8251621
542996
1658005
6215086
5532604
1679949
3235731
1348801
2550173
570970
186882
1557896
1850541
7441329
1591059
3573577
7689553
2551907
2985201
2240364
3181794
3983863
5367601
1790459
1117829
1967168
6642176
5851088
1893347
3342127
3513098
575422
693866
3457900
5670929
2999137
4461570
5433670
3277212
1776670
3138128
1193994
7551653
6609856
4658486
1707645
1231366
1104605
2389701
2954951
2127175
2768741
1685957
9548820
3981159
7129193
2652692
9621262
7438463
1516825
114615
179
2298012
5935291
2463800
4933966
4860471
271332
8410720
5642909
4246288
2383746
194048
3984847
2366287
2615928
190355
1211334
2524658
6276250
9479463
1747622
144063
679712
3487252
3580780
1877622
5745071
9141990
2829862
7559151
322685
7579710
2124505
1196762
4498352
2723418
2839008
1847256
1521991
2915432
6632226
3317027
126261
3209419
1988698
6605926
4195397
4765227
1657231
5441602
4332622
7363986
1374549
1106912
1803873
3916823
4397885
9307006
1117861
2867854
4148423
1788388
3428645
1196340
9907801
1563705
5504336
3869104
5449534
7834209
3274368
9122337
5500607
1317376
1906563
3378650
9275560
4664627
3853498
671429
1748109
2683548
1477687
7401362
1753540
1112252
138089
1483448
1764253
2212885
1119048
9770628
2931384
2589098
1825920
4518567
260487
1105621
7590982
1432359
117051
5765710
5842608
3996165
2792383
1598091
1590102
9178776
6805850
8339597
6121666
5932682
5854831
5448574
2283449
7198716
5835529
5845822
177579
2428102
233327
1274118
6180102
1380761
3520432
4328932
2233587
2343384
2220966
1665142
1795272
2314083
4904348
9201716
1863770
3402403
2658836
3348573
1388970
396476
3600194
1950074
2577667
17065
1303262
3279571
4135311
2646531
7905758
6641049
2617193
1975267
337251
4896712
2345686
4986408
6396743
234287
370129
8251499
1674994
4122233
8576929
