2546
464
4176
6132
4153
856
6141
281
7170
645
71
2302
5868
4384
4516
1537
2566
8879
8788
6194
6043
8889
8636
247
6234
304
1779
9795
3507
6903
3451
4533
4044
5063
4060
8170
8577
6388
5095
4580
7727
1639
154
1572
6205
3346
7333
5703
1326
1051
7567
1643
5707
6930
3196
8203
1915
8292
4296
4451
2783
2806
9419
1084
5495
1907
2639
9876
2255
9465
763
6531
5732
5484
3238
6213
2566
8558
2005
1916
1955
4642
1947
1155
6671
2022
502
2251
5604
580
3013
9168
1503
9126
4930
4324
7657
6233
3927
150
9799
2830
182
6237
1084
7986
9942
9656
9866
2290
2053
6787
4224
3522
3355
6607
6453
728
3143
704
9438
505
7294
8844
1582
7020
6283
4353
6130
8958
4408
3338
4519
9950
9194
1832
1760
9302
9995
7827
7733
8991
3796
2746
7613
5014
7426
298
8706
3487
5306
5445
2080
7067
5358
1772
6717
3774
2942
2540
8375
4018
5056
4090
1673
9492
1216
6254
4205
7449
1698
5060
6440
5937
2474
393
2460
9171
6257
6524
2076
8946
6847
6756
3424
1857
5356
7226
9064
8268
5895
4561
6873
2342
5105
1593
334
7232
3260
2997
4746
6899
8432
8928
8409
6969
9041
4181
8634
851
6186
36
6197
8087
9858
1636
7688
1575
3070
2080
3189
2972
6026
7197
157
220
8063
2139
6044
111
5096
1057
2743
6550
7041
6910
9061
7075
9135
4479
5103
5538
795
4731
2526
6049
1549
5546
2943
1158
2172
8096
8966
7208
9519
2009
2093
7265
6996
7026
3368
3899
2041
1917
3605
4816
1928
2899
1896
2311
1764
9691
821
2213
6792
2901
3542
1231
889
9343
7840
817
1361
4851
6523
383
1115
7368
3310
2125
9546
3768
4428
9172
7792
108
8488
9269
4826
2900
2084
2722
7286
6498
4668
7451
8428
1139
2323
6801
736
1259
1802
3771
5656
2900
5575
1404
1707
6929
9342
7510
784
9471
1297
9077
1500
3411
4172
5300
3664
140
2565
2810
6682
906
6065
6373
4374
9580
4653
3241
9024
3687
3609
1298
7823
4561
1165
729
386
2748
9176
9477
7235
7849
2602
5699
7844
126
103
4916
8230
5749
8724
7243
3249
6090
8087
6912
240
5290
3207
865
5109
9768
8842
3078
8959
109
3017
3464
6976
9103
7071
7544
5051
1362
2093
2097
4197
5977
161
7056
2394
5055
4784
5908
3046
5730
2286
7104
7818
283
6230
6158
3381
1700
7284
2840
9710
7562
6004
1580
7240
8922
4766
1806
5895
1831
843
9199
8454
8312
9113
6899
5659
1264
5982
7158
6579
6691
2113
6558
6810
282
680
3345
4076
1464
2461
2272
2207
6551
6851
8917
7665
6541
1041
9488
4419
2620
1595
6994
1166
433
3996
4026
1874
1099
59
1736
3468
3615
8792
2471
4401
370
9012
6334
905
1070
4162
9347
7215
4024
858
6607
5775
1448
7256
1518
5608
4433
9137
3061
6648
8369
6221
7138
8473
9872
8305
8476
1977
