5350
2177
6542
5772
2712
4057
159
5207
9568
9074
8346
4717
8500
7126
9723
9936
1772
7583
2196
6849
245
9615
7916
3162
2732
9936
6341
4669
8818
6631
9774
5690
5673
4499
3084
4566
827
878
5102
7873
3104
6858
963
2893
7329
1472
804
9868
5950
504
9053
3121
7503
4106
9667
2739
6034
6662
5556
8008
2511
5889
8398
3828
9460
1543
4136
7766
4029
6064
2797
8023
4797
6636
562
2691
8069
5861
7681
8061
6821
6342
8128
6213
1917
6490
8411
9890
5187
1480
7711
6822
4621
4885
982
6734
1123
4603
4090
8078
7898
8809
7471
3667
8922
3780
7239
769
8112
8997
2897
5457
737
2874
2489
5656
226
3504
8418
234
1300
8915
3678
8249
5537
7357
9637
7048
514
7583
7869
8248
5829
5407
5086
3795
4637
8487
1045
7766
2237
890
7914
9718
87
9597
6004
4831
7818
7999
9668
427
5684
2017
2958
8134
216
5091
1038
3988
6523
9860
7212
3508
2850
4558
1186
7390
378
645
7653
4841
7842
9833
2217
7509
306
7420
3914
7620
6682
1631
3052
4283
4377
8421
1934
2955
9332
6671
3723
5711
8289
8338
4118
4303
918
54
9392
2482
4014
9833
4211
6012
4506
1168
6529
9185
538
9623
2760
5345
8572
9193
8568
6365
5313
6443
7862
911
8926
7442
7530
8725
7336
1043
4316
9976
181
2310
900
9981
9786
2052
1785
4447
4133
2192
3340
7458
8795
7111
8052
6041
6735
19
2265
3933
1682
9611
707
7620
6768
5821
8412
734
7509
7654
183
247
9495
8993
1239
2317
1109
9093
6124
5050
5772
8759
1294
6652
4085
8666
8370
914
893
2064
4326
7814
458
3988
5736
2648
6760
2412
7115
8460
7970
1620
5669
6561
1571
2842
7204
5977
8454
7093
5827
1264
2295
1306
2659
9087
6177
2472
4411
6155
9544
6154
9175
796
3206
1057
1418
1888
6949
7768
943
1128
5944
7890
8805
2973
5725
8134
7017
9426
7813
5576
6326
501
3600
8836
5187
5176
2215
4807
6032
6251
9632
9046
7574
6576
3679
8491
1374
4314
7816
6581
5332
5023
6413
4358
8533
218
8087
8739
8177
6355
3415
2957
8371
632
3952
9423
9918
1020
5031
932
6146
7683
4417
5813
4495
984
5820
5025
2472
4794
2249
6029
5583
9704
9622
9090
8845
3005
1102
9133
6772
9317
2749
2287
6001
616
3571
3045
372
8595
9330
6629
9069
5452
2166
2717
4027
3876
9815
1233
9741
8471
2302
4913
6133
7018
4234
8906
8123
6818
3769
3386
3422
7771
9541
4461
1790
7603
8098
5302
4446
3172
4570
9623
6604
2377
1572
9849
1663
9107
9535
6174
5918
6181
5139
8260
8393
7261
2985
967
3196
171
3027
4319
9899
7512
5494
4805
7081
3411
8717
5237
162
6307
7928
5670
2353
4123
9413
6767
6926
1851
9026
7445
6526
157
3047
3787
4748
8957
928
9693
1796
8623
2927
8442
6337
6694
1156
408
586
7102
3950
2245
6789
3835
7019
3554
9974
2922
7905
5540
6138
581
211
6537
5661
8064
2834
863
9661
4254
3854
1452
3528
5914
3504
2565
5117
2787
3738
3273
2184
6093
8483
8602
3082
5903
577
1779
712
2500
7457
3874
7419
668
6766
5482
9521
1425
47
5409
4180
4325
4306
5490
2540
3795
3155
4021
7740
5820
2891
8490
2422
1428
6289
7463
2845
6824
6796
1431
8194
6809
8016
9486
1492
1507
8595
2231
6300
6989
79
3347
5651
7231
5640
7582
13
2299
6439
6577
1464
1470
3023
7442
9938
531
6592
1740
2384
4274
3363
4442
9531
6662
9240
9498
2172
2822
7846
9662
7086
9146
4465
7118
3716
1678
9777
5199
3570
8819
3701
5362
4648
2005
2275
4958
7310
2044
4415
864
9701
1624
4859
6902
3959
5849
2141
2599
2571
7872
2845
141
8834
8312
2939
2442
8082
2717
3032
200
857
6653
2287
5141
3273
9341
6155
2846
5210
7979
8035
4447
4120
2264
5732
7503
9804
7070
9646
2488
4562
2276
4040
9701
6387
4897
9163
6506
594
2455
3209
3646
3594
8812
2717
6179
2257
9948
1126
8941
659
7183
1225
9341
7148
5396
2558
4977
9348
5076
745
1499
2514
5164
7367
3458
7670
3413
8302
4896
2042
3364
2308
112
7188
2110
9965
999
7667
1040
3064
2210
2539
7743
9316
8630
7617
8982
1791
3045
2204
4220
8223
4326
2298
3085
5437
3246
1178
4242
6951
4240
3708
8469
5845
6832
4160
318
7628
6687
9417
5634
4677
3209
8537
6458
2769
5377
1339
1852
8291
2469
2458
8292
7311
1001
3800
3333
825
9622
3305
7598
3279
8647
394
2705
7261
9158
927
4767
9499
2139
7493
1047
6874
5203
7869
4584
3031
5785
1929
9500
4224
4812
8576
5932
5844
2086
2474
5085
6128
1406
3760
773
7292
2617
8201
6156
1858
1292
5233
4416
6182
2645
7307
6034
3444
5529
9279
3138
8673
6656
4061
6247
8915
3264
1479
4593
9961
5382
1273
7352
5262
6597
1648
6190
5314
1275
794
8799
9846
6026
7871
5562
2557
5795
9503
5338
2456
1078
2198
5230
3340
8846
5850
8142
4039
4343
2000
4356
4677
6359
7405
5198
9153
228
4439
411
8935
3065
4090
2912
8974
5285
1025
6256
5100
3277
2624
1779
861
4071
112
8635
7788
4736
6544
7208
3822
5992
8658
5266
6749
4196
630
6026
8006
4945
4477
528
4437
9287
5611
3530
6150
7686
1340
6
7694
3373
9588
7186
6538
1956
810
5353
866
1953
6283
7931
6637
2745
9871
3865
7853
8365
174
1541
1155
9613
9786
3561
5839
779
4018
3198
2236
8528
3659
2798
608
6882
3824
9556
3295
1597
7746
6985
4151
7197
5898
2716
9245
3696
8569
5484
8481
9916
9424
9169
7619
815
4066
3199
5055
4924
9805
9076
9641
9607
9702
6711
6067
8488
2588
5265
5450
1892
9341
4141
905
1789
5410
1337
8276
886
4590
6759
9493
6296
3678
3479
5838
4475
7872
1049
8148
5793
1523
4948
2828
343
7713
757
216
691
1827
6498
