7099
2971
5614
4558
3167
950
2461
5564
3958
3087
707
8672
2328
3898
2119
2397
5463
7459
597
8614
6230
2813
226
5766
9990
6338
8619
6037
5428
4405
418
337
7504
922
5134
121
5004
6059
3705
3204
2971
6346
9810
2182
674
7483
2782
3013
7658
4581
5681
6536
5069
793
267
1480
1320
245
488
7030
589
3148
866
3093
5725
8940
5166
5611
9382
6028
2470
2663
7002
7755
8700
6534
8605
7114
4305
1671
7983
6888
8958
7027
3817
1676
4757
4383
6286
6177
3754
3304
8480
4476
5059
6007
1986
8981
686
2653
5194
77
2362
6144
6640
4818
1485
7642
5503
8823
1455
2112
9432
4781
64
1519
1332
152
8760
3174
944
6192
3786
9459
9581
5499
6014
4489
801
6406
8950
2945
4495
7883
9223
7787
3529
8461
8754
9123
9081
3961
6600
3534
2607
3558
8374
2217
1810
4445
2951
4159
9527
9460
6539
4650
2218
8987
7875
5931
8488
1165
78
432
3449
5740
1923
5984
1558
7453
6978
2224
9426
453
8181
4494
9443
7980
2820
1969
6484
4525
2649
4733
3491
2646
1728
6211
7469
1782
435
5233
3787
4448
8634
5940
6064
313
6550
1801
6795
1747
4701
8673
7255
2243
2772
5944
842
7196
1228
213
3201
8453
1548
4445
2495
5467
235
5437
6675
3412
2617
6991
377
8491
5943
2379
4772
7895
1466
2577
27
3301
9131
864
8155
3672
3346
7493
6751
859
5011
7964
2969
4637
5806
3588
3529
2857
9079
6419
969
7036
3682
7799
5910
7829
9572
6407
1027
3042
1608
7177
856
4783
5419
2032
7449
704
1609
4134
6622
9700
50
7159
9202
3719
6984
4627
8570
5037
2790
5607
1793
1866
9519
5189
914
5989
5089
1831
6121
1780
3982
2635
2313
9114
3878
1995
9013
9005
5130
344
7248
3064
2352
2896
5086
6808
7948
7340
6436
9705
7738
552
9691
5711
1025
2902
8550
6212
7236
9250
3713
9835
1974
5958
1400
2527
2463
755
9826
696
642
1828
2417
9970
6075
3640
9560
5322
2743
1227
5624
2370
5133
4682
8453
1052
4764
9979
6140
6957
7628
7527
3801
2021
210
4571
1355
1867
8166
5132
6330
9088
6280
3032
9906
4226
9753
640
9706
1481
6562
9666
691
9418
3587
5172
1582
5195
5153
6205
1626
1787
574
7573
1268
6126
3872
4281
7070
124
2765
8538
543
5057
9539
6014
3017
274
9642
4864
7780
6552
4193
212
3591
1251
9657
6638
1114
8481
4743
5528
4549
7417
3809
1070
5522
4258
3970
8312
1013
3910
4398
6515
8094
6802
9068
8974
6228
3469
2409
8980
751
4430
4489
6403
3289
8817
2255
7645
8740
1906
7292
602
7099
5164
9292
7706
726
4810
6574
5023
7756
316
726
4180
4509
9574
4236
4521
2914
4815
1645
8648
9509
9753
5060
2517
6687
1090
9609
5047
5404
5531
6771
7245
9003
3839
7266
5266
9169
1674
7835
2629
4240
1414
8355
8438
3193
7206
2916
3871
8910
6862
8411
2301
2879
289
348
749
2697
8844
2333
183
9169
2624
7536
4367
7241
2450
2522
5160
3551
5730
4031
7386
9635
8677
8926
7447
9274
2887
9069
9809
3167
1258
8531
2002
9859
7761
9965
9563
6608
9191
6068
4633
2777
5881
3185
4027
6030
2769
4387
3286
8135
3839
8638
4731
5722
6916
5513
4703
2791
3999
649
3997
88
3977
2919
9608
8049
1003
3562
8759
6343
4862
1947
7490
8371
948
5500
9641
2556
6289
5507
6832
215
5802
7
3614
7980
4878
2035
2010
4723
5730
4608
4617
9770
38
2742
8780
16
9796
9527
2618
8407
8510
7725
1928
7012
3613
6786
9027
2843
3394
4873
7470
9232
3833
962
3074
6661
5318
279
6080
2205
7110
5387
9622
6984
3851
9779
6608
6468
3005
3815
5467
5561
5916
5680
268
119
6165
7396
3120
547
2493
7787
6079
8158
8339
3341
7077
4817
3858
797
4456
3617
7692
2324
8663
6092
8891
1277
4397
9342
5546
9625
6675
191
9129
6750
1283
3964
9490
2301
7349
6781
3729
862
989
6756
8376
5034
2108
4411
766
8852
9540
9486
7565
3831
2263
3273
3925
6534
6082
9490
9646
5394
3238
6071
3751
3667
8771
1540
9525
9246
6035
2705
8407
749
8231
7902
5262
7237
7253
9494
9262
3355
3542
7938
9320
6759
1082
5565
3738
7867
9153
3386
3441
6969
1194
7750
8908
4476
1268
2110
9866
8623
544
3468
6631
1773
3329
7168
7650
4256
3091
6143
7607
1793
8281
2549
7650
2591
7281
5716
1571
8716
3470
5605
46
1914
8272
4301
8312
133
6537
6403
582
113
2214
2812
8365
7560
6725
9558
2497
5910
2652
6243
7368
9006
5356
4079
8617
2385
4773
104
6331
8935
4932
4471
595
4432
887
5111
9949
9860
1523
5235
2937
7429
7432
8588
7851
8055
4557
7720
7721
5366
4912
3616
3635
6911
5918
3743
3354
636
4022
1150
2147
3028
3529
7678
7255
2456
5432
4418
4420
5914
6411
8935
8619
1973
865
1305
8181
1758
622
3328
8028
3378
5103
7504
4868
4249
1223
1020
629
9238
5789
6126
5689
7560
751
8986
959
9867
4081
2653
7558
135
3993
7132
3542
956
116
3515
9650
8823
8840
6818
9292
3397
9315
9628
714
7746
7653
8197
8128
7920
4401
5484
8792
1012
7325
7036
6423
2878
6500
4775
7166
9216
9565
4422
833
8143
8012
1745
4373
247
4839
9939
8245
7796
4885
4817
4814
3277
2459
5804
2428
4346
3606
7198
3183
2457
9705
9691
289
718
2726
6471
4613
3132
7505
2548
7534
7823
4446
5684
7984
3635
1259
782
1311
7525
8127
2385
7921
8298
4270
7787
159
7402
7814
3182
2228
6382
8679
3700
8598
5469
1799
1536
5414
1350
8749
6303
8764
4321
267
9655
9599
2384
5054
8251
1954
5220
8749
5042
7640
8703
2842
2554
2520
1333
2105
3376
1730
6994
8159
9840
5680
1594
584
8843
7503
636
9896
4208
5857
941
8552
7447
1247
4578
2126
2283
1810
9515
4354
